BASE_Positive/BASE_1.jpg  5  137 610 104 97  238 355 94 81  1020 288 85 77  707 159 82 70  595 317 88 79 
BASE_Positive/BASE_2.jpg  5  74 376 96 83  284 208 88 73  1007 481 92 89  791 223 84 74  595 317 88 79 
BASE_Positive/BASE_3.jpg  4  152 165 87 70  403 102 83 67  828 317 87 79  595 317 88 79 
BASE_Positive/BASE_4.jpg  4  324 18 80 62  559 54 79 64  803 419 91 85  595 317 88 79 
BASE_Positive/BASE_5.jpg  3  722 70 79 65  717 499 94 90  595 317 88 79 
BASE_Positive/BASE_6.jpg  4  860 149 81 70  204 541 101 93  591 529 96 92  595 317 88 79 
BASE_Positive/BASE_7.jpg  5  965 80 78 66  941 280 85 77  158 347 94 81  467 499 96 90  595 318 88 79 
BASE_Positive/BASE_8.jpg  5  1091 261 84 76  934 437 91 86  229 172 87 71  382 419 94 85  595 318 88 79 
BASE_Positive/BASE_9.jpg  5  1097 491 92 90  826 576 96 95  379 51 81 64  361 318 91 79  595 318 88 79 
BASE_Positive/BASE_10.jpg  3  569 1 77 62  402 223 87 74  595 318 88 79 
BASE_Positive/BASE_11.jpg  3  763 27 77 63  488 159 84 70  595 317 88 79 
BASE_Positive/BASE_12.jpg  4  283 499 101 87  922 146 78 62  598 155 81 63  595 320 88 74 
BASE_Positive/BASE_13.jpg  5  125 594 107 95  236 354 94 76  1019 292 84 72  706 175 81 64  595 319 88 74 
BASE_Positive/BASE_14.jpg  5  71 374 97 78  287 219 87 67  1012 472 92 85  790 233 83 68  595 319 88 74 
BASE_Positive/BASE_15.jpg  4  158 181 87 64  406 124 81 61  828 319 87 74  595 319 88 74 
BASE_Positive/BASE_16.jpg  4  331 50 79 56  561 82 78 58  805 414 91 81  595 319 88 74 
BASE_Positive/BASE_17.jpg  3  721 96 77 59  718 489 95 87  595 319 88 74 
BASE_Positive/BASE_18.jpg  5  765 12 73 53  857 167 80 63  196 529 103 90  591 517 97 89  595 320 88 74 
BASE_Positive/BASE_19.jpg  5  960 105 76 59  940 285 84 71  157 347 95 76  464 489 98 87  595 320 88 74 
BASE_Positive/BASE_20.jpg  5  1089 268 83 70  937 430 91 82  234 187 86 65  380 414 95 81  595 320 88 74 
BASE_Positive/BASE_21.jpg  5  1104 481 92 86  830 562 98 92  385 79 80 58  361 320 91 74  595 320 88 74 
BASE_Positive/BASE_22.jpg  3  571 35 76 55  403 234 87 68  595 320 88 74 
BASE_Positive/BASE_23.jpg  4  431 607 104 96  760 58 75 56  490 175 83 64  595 320 88 74 
BASE_Positive/BASE_24.jpg  4  278 486 102 82  918 168 77 55  599 175 80 56  595 322 88 68 
BASE_Positive/BASE_25.jpg  5  114 575 110 91  235 354 95 70  1019 297 83 66  705 193 80 57  595 322 88 68 
BASE_Positive/BASE_26.jpg  5  69 371 98 72  290 233 87 60  1017 461 92 80  789 245 82 61  595 322 88 68 
BASE_Positive/BASE_27.jpg  5  163 198 86 58  410 149 80 54  880 614 102 95  828 322 86 68  595 322 88 68 
BASE_Positive/BASE_28.jpg  4  337 84 77 49  562 112 76 51  806 408 91 75  595 322 88 68 
BASE_Positive/BASE_29.jpg  4  547 35 72 46  719 124 76 52  719 476 96 81  595 322 88 68 
BASE_Positive/BASE_30.jpg  5  762 51 71 47  855 186 78 57  188 514 105 85  590 503 99 84  595 322 88 68 
BASE_Positive/BASE_31.jpg  5  955 132 75 53  939 291 84 65  156 347 96 70  462 477 99 81  595 322 88 68 
BASE_Positive/BASE_32.jpg  5  1088 276 82 64  940 423 91 76  238 204 86 58  378 408 96 75  595 322 88 68 
BASE_Positive/BASE_33.jpg  5  1110 470 92 81  834 545 99 88  389 109 78 51  361 322 91 68  595 322 88 68 
BASE_Positive/BASE_34.jpg  4  640 610 104 94  572 71 74 48  405 245 86 61  595 322 88 68 
BASE_Positive/BASE_35.jpg  4  426 587 106 92  758 91 74 50  491 194 82 57  595 322 88 68 
BASE_Positive/BASE_36.jpg  4  273 471 104 75  915 191 76 48  599 198 79 49  595 325 88 61 
BASE_Positive/BASE_37.jpg  5  103 551 113 84  234 353 95 63  1018 304 83 59  705 213 79 50  595 325 88 61 
BASE_Positive/BASE_38.jpg  5  66 369 99 65  292 247 86 53  1021 448 93 73  788 258 81 54  595 325 88 61 
BASE_Positive/BASE_39.jpg  5  167 217 86 51  413 175 79 47  886 587 104 88  828 325 86 61  595 325 88 61 
BASE_Positive/BASE_40.jpg  4  343 120 76 43  563 143 75 44  807 401 91 68  595 325 88 61 
BASE_Positive/BASE_41.jpg  5  549 79 71 39  718 154 75 45  353 620 114 92  720 462 97 74  595 325 88 61 
BASE_Positive/BASE_42.jpg  5  760 92 70 40  853 207 77 50  182 496 107 78  589 486 100 77  595 325 88 61 
BASE_Positive/BASE_43.jpg  5  950 160 73 46  939 298 83 58  155 347 96 63  459 462 100 74  595 325 88 61 
BASE_Positive/BASE_44.jpg  5  1086 285 81 57  942 414 91 69  241 222 85 51  377 401 97 68  595 325 88 61 
BASE_Positive/BASE_45.jpg  5  1116 456 92 74  838 524 100 81  393 141 77 44  361 325 91 61  595 325 88 61 
BASE_Positive/BASE_46.jpg  4  640 583 107 88  574 109 73 42  406 258 86 54  595 325 88 61 
BASE_Positive/BASE_47.jpg  4  422 562 109 86  756 126 72 43  493 213 81 50  595 325 88 61 
BASE_Positive/BASE_48.jpg  4  269 454 106 67  912 216 74 41  600 222 78 42  595 329 88 53 
BASE_Positive/BASE_49.jpg  5  94 524 116 76  233 352 96 55  1018 310 82 51  704 234 78 43  595 329 88 53 
BASE_Positive/BASE_50.jpg  5  64 366 100 57  294 263 86 46  1025 434 93 65  788 272 81 47  595 329 88 53 
BASE_Positive/BASE_51.jpg  5  171 238 85 43  415 202 79 40  891 555 106 80  829 329 85 53  595 329 88 53 
BASE_Positive/BASE_52.jpg  5  347 157 75 36  564 176 74 38  628 618 115 88  808 393 92 60  595 329 88 53 
BASE_Positive/BASE_53.jpg  5  551 123 69 33  717 185 73 39  346 584 117 84  721 446 98 66  595 329 88 53 
BASE_Positive/BASE_54.jpg  5  758 134 68 34  851 229 76 43  176 475 109 70  588 467 101 69  595 329 88 53 
BASE_Positive/BASE_55.jpg  5  946 190 72 39  938 306 82 50  154 347 97 55  457 446 101 66  595 329 88 53 
BASE_Positive/BASE_56.jpg  5  1085 295 80 49  944 404 91 61  244 242 85 44  375 393 98 60  595 329 88 53 
BASE_Positive/BASE_57.jpg  5  1121 441 92 65  841 500 101 73  396 174 76 38  361 329 92 53  595 329 88 53 
BASE_Positive/BASE_58.jpg  5  987 597 108 85  640 552 109 79  575 148 71 35  407 272 85 47  595 329 88 53 
BASE_Positive/BASE_59.jpg  4  418 533 111 77  754 162 71 36  494 235 81 43  595 329 88 53 
BASE_Positive/BASE_60.jpg  5  306 606 128 82  265 435 107 57  910 242 73 34  600 246 77 35  595 333 88 44 
BASE_Positive/BASE_61.jpg  5  86 493 118 65  233 352 96 46  1017 318 81 42  704 257 77 36  595 333 88 44 
BASE_Positive/BASE_62.jpg  5  63 363 100 48  296 279 86 38  1028 419 93 55  787 287 80 39  595 333 88 44 
BASE_Positive/BASE_63.jpg  5  174 260 85 36  417 231 78 33  895 519 107 69  829 333 85 44  595 333 88 44 
BASE_Positive/BASE_64.jpg  5  351 195 74 29  565 210 73 31  628 572 118 77  809 385 92 50  595 333 88 44 
BASE_Positive/BASE_65.jpg  5  552 168 68 27  716 217 73 32  340 544 120 72  722 429 98 56  595 333 88 44 
BASE_Positive/BASE_66.jpg  5  756 177 67 28  849 252 75 35  170 453 111 59  588 446 102 58  595 333 88 44 
BASE_Positive/BASE_67.jpg  5  943 221 71 32  938 314 82 42  153 348 97 46  456 429 102 56  595 333 88 44 
BASE_Positive/BASE_68.jpg  5  1084 305 79 41  946 394 91 52  247 262 84 36  374 385 98 50  595 333 88 44 
BASE_Positive/BASE_69.jpg  5  1125 424 92 55  843 473 102 62  399 209 75 31  361 333 92 44  595 333 88 44 
BASE_Positive/BASE_70.jpg  5  994 555 109 74  640 517 110 68  576 188 70 29  408 287 85 39  595 333 88 44 
BASE_Positive/BASE_71.jpg  4  414 501 113 66  753 199 70 30  495 257 80 36  595 333 88 44 
BASE_Positive/BASE_72.jpg  5  299 548 131 67  263 415 108 45  909 269 73 27  600 272 77 27  595 337 88 35 
BASE_Positive/BASE_73.jpg  5  79 460 119 52  232 351 96 37  1017 325 81 33  703 280 77 28  595 337 88 35 
BASE_Positive/BASE_74.jpg  5  62 360 101 38  297 297 86 30  1031 402 93 44  786 302 80 31  595 337 88 35 
BASE_Positive/BASE_75.jpg  5  177 282 84 28  419 260 77 26  899 480 108 55  829 337 85 35  595 337 88 35 
BASE_Positive/BASE_76.jpg  5  354 234 73 23  566 245 73 24  627 521 120 62  810 377 92 40  595 337 88 35 
BASE_Positive/BASE_77.jpg  5  553 214 67 21  716 250 72 25  336 499 122 59  723 410 99 45  595 337 88 35 
BASE_Positive/BASE_78.jpg  5  755 220 66 22  848 276 75 28  166 428 112 47  588 423 103 47  595 337 88 35 
BASE_Positive/BASE_79.jpg  5  941 254 70 25  937 323 81 33  153 348 97 36  455 410 103 45  595 337 88 35 
BASE_Positive/BASE_80.jpg  5  1083 316 78 32  948 384 91 41  249 284 84 28  373 377 99 40  595 337 88 35 
BASE_Positive/BASE_81.jpg  5  1128 407 92 44  846 444 103 50  401 244 75 24  361 337 92 35  595 337 88 35 
BASE_Positive/BASE_82.jpg  5  1000 507 110 60  640 478 112 55  576 228 70 22  409 302 85 31  595 337 88 35 
BASE_Positive/BASE_83.jpg  5  675 569 127 71  412 465 114 53  752 236 69 23  496 280 80 28  595 337 88 35 
BASE_Positive/BASE_84.jpg  4  390 467 69 63  852 186 60 51  609 193 61 52  607 329 64 57 
BASE_Positive/BASE_85.jpg  5  286 536 72 66  349 357 67 58  917 307 62 56  689 210 61 52  607 329 64 57 
BASE_Positive/BASE_86.jpg  5  232 372 68 59  379 248 64 54  902 447 66 62  751 259 62 54  607 329 64 57 
BASE_Positive/BASE_87.jpg  5  280 215 64 53  463 167 61 51  799 566 69 68  777 329 63 57  607 329 64 57 
BASE_Positive/BASE_88.jpg  5  403 102 60 48  580 130 59 49  632 623 71 70  757 402 65 60  607 329 64 57 
BASE_Positive/BASE_89.jpg  5  566 51 57 46  701 143 59 50  456 593 72 69  695 459 67 63  607 329 64 57 
BASE_Positive/BASE_90.jpg  5  737 68 57 47  803 204 60 52  331 489 70 64  605 481 68 64  607 329 64 57 
BASE_Positive/BASE_91.jpg  5  882 150 59 50  859 301 62 56  292 351 67 58  516 459 68 63  607 329 64 57 
BASE_Positive/BASE_92.jpg  5  969 287 62 56  851 415 65 61  337 220 63 53  455 403 67 60  607 329 64 57 
BASE_Positive/BASE_93.jpg  5  966 454 66 63  771 513 68 65  445 128 60 49  437 329 65 57  607 329 64 57 
BASE_Positive/BASE_94.jpg  5  855 604 70 70  640 563 70 68  587 89 58 48  465 259 63 54  607 329 64 57 
BASE_Positive/BASE_95.jpg  4  497 546 70 67  732 110 58 48  528 211 62 52  607 329 64 57 
BASE_Positive/BASE_96.jpg  5  439 640 76 71  387 459 70 60  850 200 59 47  609 207 60 47  607 330 64 54 
BASE_Positive/BASE_97.jpg  5  280 525 74 64  349 356 67 55  916 310 62 53  689 222 60 48  607 330 64 54 
BASE_Positive/BASE_98.jpg  5  230 370 69 56  380 256 63 50  904 440 66 59  750 266 61 50  607 330 64 54 
BASE_Positive/BASE_99.jpg  5  283 226 63 48  466 183 60 46  802 553 70 66  777 330 63 54  607 330 64 54 
BASE_Positive/BASE_100.jpg  5  407 125 59 43  580 150 58 45  632 607 73 69  758 398 65 57  607 330 64 54 
BASE_Positive/BASE_101.jpg  5  568 80 56 41  700 161 58 45  452 578 74 67  695 452 67 60  607 330 64 54 
BASE_Positive/BASE_102.jpg  5  735 94 56 42  801 216 59 48  327 480 72 62  605 472 69 61  607 330 64 54 
BASE_Positive/BASE_103.jpg  5  879 168 57 46  859 305 62 52  291 350 67 55  515 452 69 60  607 330 64 54 
BASE_Positive/BASE_104.jpg  5  969 292 61 52  852 410 65 58  339 231 63 49  454 399 68 57  607 330 64 54 
BASE_Positive/BASE_105.jpg  5  969 446 66 60  773 503 69 63  448 148 59 45  437 330 65 54  607 330 64 54 
BASE_Positive/BASE_106.jpg  5  860 589 71 68  640 550 71 66  588 113 57 43  466 267 63 50  607 330 64 54 
BASE_Positive/BASE_107.jpg  4  494 533 72 65  731 131 57 44  529 222 61 48  607 330 64 54 
BASE_Positive/BASE_108.jpg  5  434 618 78 68  385 449 71 56  848 216 58 42  609 222 59 43  607 332 64 49 
BASE_Positive/BASE_109.jpg  5  275 510 75 60  348 355 67 51  916 314 61 48  688 235 59 43  607 332 64 49 
BASE_Positive/BASE_110.jpg  5  229 368 69 51  382 265 63 45  907 432 66 55  750 275 61 46  607 332 64 49 
BASE_Positive/BASE_111.jpg  5  286 239 63 44  467 201 60 41  805 537 71 62  777 332 63 49  607 332 64 49 
BASE_Positive/BASE_112.jpg  5  410 150 58 39  581 172 57 40  632 587 74 66  759 394 66 53  607 332 64 49 
BASE_Positive/BASE_113.jpg  5  569 110 55 37  700 182 57 40  448 560 75 64  696 443 68 56  607 332 64 49 
BASE_Positive/BASE_114.jpg  5  733 123 55 37  800 230 59 43  323 468 73 58  605 461 69 57  607 332 64 49 
BASE_Positive/BASE_115.jpg  5  876 187 56 41  858 309 62 48  290 350 68 50  514 443 69 56  607 332 64 49 
BASE_Positive/BASE_116.jpg  5  968 298 60 47  853 405 65 54  342 243 63 44  453 394 68 53  607 332 64 49 
BASE_Positive/BASE_117.jpg  5  972 438 66 56  775 490 69 59  451 170 59 40  437 332 66 49  607 332 64 49 
BASE_Positive/BASE_118.jpg  5  865 570 72 65  640 534 72 62  589 140 56 38  467 275 63 46  607 332 64 49 
BASE_Positive/BASE_119.jpg  5  661 642 76 70  492 518 73 61  729 155 56 39  530 236 61 43  607 332 64 49 
BASE_Positive/BASE_120.jpg  5  429 591 80 63  382 438 72 51  846 233 57 37  610 238 59 38  607 334 64 44 
BASE_Positive/BASE_121.jpg  5  270 493 76 56  347 355 68 45  916 318 61 43  688 250 59 38  607 334 64 44 
BASE_Positive/BASE_122.jpg  5  228 366 70 46  383 276 63 40  909 423 66 50  749 284 60 41  607 334 64 44 
BASE_Positive/BASE_123.jpg  5  288 253 63 39  469 220 59 36  808 517 72 57  777 334 63 44  607 334 64 44 
BASE_Positive/BASE_124.jpg  5  413 176 57 34  582 195 57 35  632 563 76 61  759 389 66 48  607 334 64 44 
BASE_Positive/BASE_125.jpg  5  570 142 54 32  699 203 56 35  445 538 77 59  696 432 68 51  607 334 64 44 
BASE_Positive/BASE_126.jpg  5  732 153 54 32  799 245 58 38  320 455 74 53  604 449 70 52  607 335 64 44 
BASE_Positive/BASE_127.jpg  5  874 208 56 36  858 314 61 43  290 350 68 45  513 432 70 51  607 335 64 44 
BASE_Positive/BASE_128.jpg  5  967 304 60 42  855 399 65 48  344 257 62 39  452 389 68 48  607 335 64 44 
BASE_Positive/BASE_129.jpg  5  975 428 66 51  777 475 70 54  453 193 58 35  437 335 66 44  607 335 64 44 
BASE_Positive/BASE_130.jpg  5  869 547 73 60  640 514 73 57  589 167 55 33  467 284 63 41  607 335 64 44 
BASE_Positive/BASE_131.jpg  5  661 614 78 65  490 500 74 56  728 181 55 34  530 250 60 38  607 335 64 44 
BASE_Positive/BASE_132.jpg  5  425 560 81 57  380 426 73 45  844 251 56 32  610 255 58 32  607 337 64 38 
BASE_Positive/BASE_133.jpg  5  265 474 77 49  347 354 68 40  916 323 61 37  688 266 58 33  607 337 64 38 
BASE_Positive/BASE_134.jpg  5  227 364 70 40  384 287 63 34  911 413 66 44  749 294 60 35  607 337 64 38 
BASE_Positive/BASE_135.jpg  5  290 268 62 33  471 240 59 31  810 494 73 51  777 337 62 38  607 337 64 38 
BASE_Positive/BASE_136.jpg  5  416 204 57 29  583 219 56 30  632 535 77 55  760 384 66 42  607 337 64 38 
BASE_Positive/BASE_137.jpg  5  571 176 53 27  698 227 56 30  442 513 78 53  697 421 69 45  607 337 64 38 
BASE_Positive/BASE_138.jpg  5  731 185 53 27  798 261 57 33  317 441 74 47  604 435 71 46  607 337 64 38 
BASE_Positive/BASE_139.jpg  5  872 231 55 30  858 320 61 37  289 351 68 39  512 421 71 45  607 337 64 38 
BASE_Positive/BASE_140.jpg  5  966 311 59 36  856 392 65 43  345 271 62 33  451 384 69 42  607 337 64 38 
BASE_Positive/BASE_141.jpg  5  978 417 66 45  779 457 70 48  455 218 57 30  437 337 66 38  607 337 64 38 
BASE_Positive/BASE_142.jpg  5  873 521 74 54  640 492 74 51  590 196 55 28  468 295 62 35  607 337 64 38 
BASE_Positive/BASE_143.jpg  5  662 579 80 59  488 480 75 50  727 208 54 29  531 266 60 33  607 337 64 38 
BASE_Positive/BASE_144.jpg  5  421 524 83 49  379 413 73 38  843 270 56 26  610 274 58 27  607 340 64 32 
BASE_Positive/BASE_145.jpg  5  262 452 78 42  347 354 68 33  915 329 60 31  688 282 58 27  607 340 64 32 
BASE_Positive/BASE_146.jpg  5  226 362 70 34  385 300 63 29  912 402 66 37  748 305 60 29  607 340 64 32 
BASE_Positive/BASE_147.jpg  5  292 284 62 27  472 262 58 26  812 469 73 44  777 340 62 32  607 340 64 32 
BASE_Positive/BASE_148.jpg  5  418 233 56 24  583 245 56 24  632 503 78 47  760 378 66 35  607 340 64 32 
BASE_Positive/BASE_149.jpg  5  572 210 53 22  698 251 55 25  439 485 79 45  697 408 69 38  607 340 64 32 
BASE_Positive/BASE_150.jpg  5  730 218 52 23  797 279 57 27  315 425 75 39  604 420 71 39  607 340 64 32 
BASE_Positive/BASE_151.jpg  5  870 254 54 25  857 326 60 31  289 351 69 33  511 409 71 38  607 340 64 32 
BASE_Positive/BASE_152.jpg  5  966 319 59 30  857 384 65 36  347 287 62 28  451 378 69 35  607 340 64 32 
BASE_Positive/BASE_153.jpg  5  980 406 66 38  780 438 71 41  456 244 57 24  437 340 66 32  607 340 64 32 
BASE_Positive/BASE_154.jpg  5  876 491 74 46  640 467 75 43  590 227 54 23  469 305 62 29  607 340 64 32 
BASE_Positive/BASE_155.jpg  5  662 540 81 51  486 457 76 42  726 236 54 24  532 282 60 27  607 340 64 32 
BASE_Positive/BASE_156.jpg  5  418 484 84 40  377 398 74 30  842 291 55 21  610 293 58 21  607 343 64 25 
BASE_Positive/BASE_157.jpg  5  259 429 79 34  346 353 68 26  915 334 60 24  687 299 58 21  607 343 64 25 
BASE_Positive/BASE_158.jpg  5  225 360 70 27  386 312 63 23  914 390 66 30  748 317 59 23  607 343 64 25 
BASE_Positive/BASE_159.jpg  5  293 301 62 22  473 284 58 20  814 442 74 35  777 343 62 25  607 343 64 25 
BASE_Positive/BASE_160.jpg  5  420 262 56 18  583 271 55 19  631 468 79 38  761 372 66 28  607 343 64 25 
BASE_Positive/BASE_161.jpg  5  573 246 52 17  698 276 55 19  437 454 80 36  697 395 69 30  607 343 64 25 
BASE_Positive/BASE_162.jpg  5  729 251 52 18  796 297 56 21  313 408 76 31  603 404 71 31  607 343 64 25 
BASE_Positive/BASE_163.jpg  5  869 278 54 20  857 332 60 24  289 351 69 26  511 395 72 30  607 343 64 25 
BASE_Positive/BASE_164.jpg  5  965 327 58 24  857 377 65 28  348 303 62 22  450 372 69 28  607 343 64 25 
BASE_Positive/BASE_165.jpg  5  981 393 66 30  781 418 71 33  458 271 56 19  437 343 66 25  607 343 64 25 
BASE_Positive/BASE_166.jpg  5  879 459 75 37  640 440 76 35  591 258 54 18  469 317 62 23  607 343 64 25 
BASE_Positive/BASE_167.jpg  5  662 497 82 41  485 432 77 34  726 265 53 19  532 299 59 21  607 343 64 25 
BASE_Positive/BASE_168.jpg  5  490 587 56 54  446 443 53 49  808 221 47 41  615 227 48 41  614 335 50 45 
BASE_Positive/BASE_169.jpg  5  367 496 55 50  412 357 52 46  858 318 49 44  679 241 48 42  614 335 50 45 
BASE_Positive/BASE_170.jpg  5  321 369 53 46  434 271 50 43  843 428 51 48  727 280 49 43  614 335 50 45 
BASE_Positive/BASE_171.jpg  5  355 245 50 42  499 206 48 41  762 519 53 51  747 335 50 45  614 335 50 45 
BASE_Positive/BASE_172.jpg  5  450 153 47 39  592 176 47 40  634 562 55 53  731 393 51 47  614 335 50 45 
BASE_Positive/BASE_173.jpg  5  581 111 46 38  689 187 47 40  499 539 55 52  682 437 52 48  614 335 50 45 
BASE_Positive/BASE_174.jpg  5  718 125 46 38  769 236 48 42  401 460 54 49  613 454 52 49  614 335 50 45 
BASE_Positive/BASE_175.jpg  5  833 192 47 40  812 314 49 44  367 353 52 45  544 437 53 48  614 335 50 45 
BASE_Positive/BASE_176.jpg  5  899 302 49 44  804 403 51 47  400 249 50 42  496 393 52 47  614 335 50 45 
BASE_Positive/BASE_177.jpg  5  893 433 51 48  742 479 53 50  484 174 48 40  481 335 51 45  614 335 50 45 
BASE_Positive/BASE_178.jpg  5  805 547 54 52  640 517 54 51  597 143 46 39  502 280 50 43  614 335 50 45 
BASE_Positive/BASE_179.jpg  5  655 607 55 54  530 503 54 51  714 159 46 39  551 241 49 42  614 335 50 45 
BASE_Positive/BASE_180.jpg  5  487 573 57 52  444 437 54 46  807 232 47 38  615 237 48 38  614 337 50 42 
BASE_Positive/BASE_181.jpg  5  364 487 56 48  412 357 52 43  857 321 49 41  679 250 48 39  614 336 50 42 
BASE_Positive/BASE_182.jpg  5  320 368 53 43  435 277 50 40  845 422 51 45  727 286 48 40  614 336 50 42 
BASE_Positive/BASE_183.jpg  5  356 254 50 39  501 218 48 37  764 508 54 49  747 336 50 42  614 336 50 42 
BASE_Positive/BASE_184.jpg  5  453 171 47 36  592 191 47 36  634 549 55 51  732 390 51 44  614 336 50 42 
BASE_Positive/BASE_185.jpg  5  582 133 45 34  688 201 46 37  496 527 56 50  683 431 52 46  614 337 50 42 
BASE_Positive/BASE_186.jpg  5  716 145 45 35  768 245 47 38  398 453 55 47  613 447 53 47  614 337 50 42 
BASE_Positive/BASE_187.jpg  5  831 206 46 37  812 316 49 41  367 352 52 43  543 431 53 46  614 337 50 42 
BASE_Positive/BASE_188.jpg  5  899 306 48 41  805 399 51 45  401 257 50 39  495 390 52 44  614 337 50 42 
BASE_Positive/BASE_189.jpg  5  895 427 51 46  743 470 53 48  486 190 47 36  481 337 51 42  614 337 50 42 
BASE_Positive/BASE_190.jpg  5  808 535 54 50  640 506 54 49  598 161 46 35  502 286 50 40  614 337 50 42 
BASE_Positive/BASE_191.jpg  5  655 592 56 53  528 493 55 49  713 176 46 36  551 250 48 39  614 337 50 42 
BASE_Positive/BASE_192.jpg  5  484 556 58 49  443 429 54 43  806 245 46 34  615 249 47 34  614 338 50 38 
BASE_Positive/BASE_193.jpg  5  360 475 57 45  411 356 52 39  857 324 49 38  678 260 47 35  614 338 50 38 
BASE_Positive/BASE_194.jpg  5  319 366 53 40  435 285 50 36  846 416 51 42  727 292 48 36  614 338 50 38 
BASE_Positive/BASE_195.jpg  5  358 263 50 35  502 232 47 34  766 495 54 46  747 338 49 38  614 338 50 38 
BASE_Positive/BASE_196.jpg  5  455 190 46 32  593 208 46 33  634 533 56 48  732 386 51 41  614 338 50 38 
BASE_Positive/BASE_197.jpg  5  582 157 44 30  688 216 46 33  494 513 57 47  683 424 53 43  614 338 50 38 
BASE_Positive/BASE_198.jpg  5  715 168 44 31  767 256 47 35  396 444 55 44  613 438 53 43  614 338 50 38 
BASE_Positive/BASE_199.jpg  5  829 221 45 33  812 320 49 38  366 352 52 39  543 424 53 43  614 338 50 38 
BASE_Positive/BASE_200.jpg  5  898 311 48 37  806 395 51 41  403 267 49 35  494 387 53 41  614 338 50 38 
BASE_Positive/BASE_201.jpg  5  897 420 51 42  744 460 53 44  488 207 47 33  481 338 51 38  614 338 50 38 
BASE_Positive/BASE_202.jpg  5  811 520 55 48  640 493 55 46  598 182 45 31  503 292 49 36  614 338 50 38 
BASE_Positive/BASE_203.jpg  5  655 573 58 50  527 481 55 46  712 195 45 32  552 261 48 35  614 338 50 38 
BASE_Positive/BASE_204.jpg  5  482 534 59 46  441 421 55 39  804 258 46 30  616 262 47 30  614 340 50 34 
BASE_Positive/BASE_205.jpg  5  357 462 57 41  411 356 52 35  857 327 48 34  678 272 47 31  614 340 50 34 
BASE_Positive/BASE_206.jpg  5  318 365 54 36  436 293 50 32  848 409 52 38  726 300 48 32  614 340 50 34 
BASE_Positive/BASE_207.jpg  5  360 275 49 31  503 247 47 30  767 480 55 42  747 340 49 34  614 340 50 34 
BASE_Positive/BASE_208.jpg  5  457 211 46 28  593 226 46 29  634 514 57 44  733 383 51 37  614 340 50 34 
BASE_Positive/BASE_209.jpg  5  583 183 44 26  687 234 45 29  492 496 58 43  683 416 53 39  614 340 50 34 
BASE_Positive/BASE_210.jpg  5  714 192 43 27  766 268 46 31  394 433 56 40  612 429 54 39  614 340 50 34 
BASE_Positive/BASE_211.jpg  5  828 238 45 29  812 324 48 34  366 352 53 35  542 416 54 39  614 340 50 34 
BASE_Positive/BASE_212.jpg  5  898 316 48 33  806 390 51 37  404 277 49 31  494 383 53 37  614 340 50 34 
BASE_Positive/BASE_213.jpg  5  899 413 51 38  745 448 54 40  489 225 46 29  481 340 51 34  614 340 50 34 
BASE_Positive/BASE_214.jpg  5  813 502 56 44  640 478 56 42  599 204 45 28  503 300 49 32  614 340 50 34 
BASE_Positive/BASE_215.jpg  5  656 551 58 47  526 467 56 42  711 215 44 28  553 272 48 31  614 340 50 34 
BASE_Positive/BASE_216.jpg  5  479 510 60 41  440 411 55 34  803 272 45 26  616 276 47 26  614 342 50 30 
BASE_Positive/BASE_217.jpg  5  355 447 58 36  411 355 53 31  857 331 48 29  678 284 47 27  614 342 50 30 
BASE_Positive/BASE_218.jpg  5  318 363 54 31  437 302 49 28  849 401 52 34  726 308 48 28  614 342 50 30 
BASE_Positive/BASE_219.jpg  5  361 286 49 27  504 263 47 25  769 462 55 38  747 342 49 30  614 342 50 30 
BASE_Positive/BASE_220.jpg  5  459 233 46 24  594 246 45 24  634 492 58 40  733 378 51 32  614 342 50 30 
BASE_Positive/BASE_221.jpg  5  584 209 43 23  687 252 45 25  491 476 58 38  684 407 53 34  614 342 50 30 
BASE_Positive/BASE_222.jpg  5  714 217 43 23  766 281 46 26  392 422 56 35  612 418 54 35  614 342 50 30 
BASE_Positive/BASE_223.jpg  5  826 256 44 25  811 328 48 29  366 352 53 31  541 407 54 34  614 342 50 30 
BASE_Positive/BASE_224.jpg  5  897 321 47 29  807 385 51 33  405 289 49 27  493 379 53 32  614 342 50 30 
BASE_Positive/BASE_225.jpg  5  900 404 51 34  746 435 54 36  491 245 46 24  481 342 51 30  614 342 50 30 
BASE_Positive/BASE_226.jpg  5  815 482 56 39  640 461 56 37  599 227 44 23  504 308 49 28  614 342 50 30 
BASE_Positive/BASE_227.jpg  5  656 524 59 42  524 451 57 37  710 236 44 24  553 284 48 27  614 342 50 30 
BASE_Positive/BASE_228.jpg  5  477 482 61 35  439 401 56 29  803 288 45 21  616 291 46 22  614 344 50 25 
BASE_Positive/BASE_229.jpg  5  353 430 59 31  411 355 53 26  857 335 48 24  678 297 46 22  614 344 50 25 
BASE_Positive/BASE_230.jpg  5  317 361 54 26  437 312 49 23  850 392 52 28  726 316 47 23  614 344 50 25 
BASE_Positive/BASE_231.jpg  5  362 299 49 22  505 281 47 21  770 443 56 32  747 344 49 25  614 344 50 25 
BASE_Positive/BASE_232.jpg  5  460 256 45 20  594 267 45 20  634 467 58 34  733 374 51 27  614 344 50 25 
BASE_Positive/BASE_233.jpg  5  584 237 43 19  687 271 45 20  489 454 59 33  684 397 53 29  614 344 50 25 
BASE_Positive/BASE_234.jpg  5  713 243 42 19  765 295 46 22  391 410 57 29  612 406 54 29  614 344 50 25 
BASE_Positive/BASE_235.jpg  5  825 274 44 21  811 333 48 24  365 353 53 26  541 397 54 29  614 344 50 25 
BASE_Positive/BASE_236.jpg  5  897 328 47 24  808 379 51 27  406 301 49 22  493 374 53 27  614 344 50 25 
BASE_Positive/BASE_237.jpg  5  901 395 51 28  746 420 54 30  492 266 46 20  481 344 51 25  614 344 50 25 
BASE_Positive/BASE_238.jpg  5  817 459 56 33  640 441 57 32  600 251 44 19  504 316 49 23  614 344 50 25 
BASE_Positive/BASE_239.jpg  5  656 494 60 36  524 434 57 31  710 259 44 20  553 297 47 22  614 344 50 25 
BASE_Positive/BASE_240.jpg  5  476 453 62 28  438 389 56 23  802 304 45 17  616 306 46 17  614 347 50 20 
BASE_Positive/BASE_241.jpg  5  351 412 59 25  411 355 53 20  857 340 48 19  678 311 46 17  614 346 50 20 
BASE_Positive/BASE_242.jpg  5  317 360 54 21  438 322 49 18  850 383 52 22  726 326 47 18  614 346 50 20 
BASE_Positive/BASE_243.jpg  5  363 313 49 17  505 298 46 16  771 422 56 25  747 346 49 20  614 346 50 20 
BASE_Positive/BASE_244.jpg  5  461 280 45 15  594 288 45 16  634 441 59 27  733 369 51 21  614 346 50 20 
BASE_Positive/BASE_245.jpg  5  585 266 43 14  686 292 44 16  488 431 59 26  684 387 53 23  614 347 50 20 
BASE_Positive/BASE_246.jpg  5  712 271 42 15  765 309 45 17  390 396 57 23  612 394 55 23  614 347 50 20 
BASE_Positive/BASE_247.jpg  5  824 294 44 16  811 338 48 19  365 353 53 20  540 387 55 23  614 347 50 20 
BASE_Positive/BASE_248.jpg  5  897 334 47 19  808 373 51 22  407 314 49 17  493 369 53 21  614 347 50 20 
BASE_Positive/BASE_249.jpg  5  902 385 51 23  747 404 54 24  492 287 45 16  481 347 51 20  614 347 50 20 
BASE_Positive/BASE_250.jpg  5  818 435 57 26  640 421 57 25  600 276 43 15  504 326 49 18  614 347 50 20 
BASE_Positive/BASE_251.jpg  5  656 462 61 29  523 415 58 25  709 282 43 15  554 311 47 17  614 347 50 20 
BASE_Positive/BASE_252.jpg  4  288 510 99 91  926 126 80 68  598 136 82 69  595 317 88 79 
BASE_Positive/BASE_253.jpg  5  137 610 104 97  238 355 94 81  1020 288 85 77  707 159 82 70  595 317 88 79 
BASE_Positive/BASE_254.jpg  5  74 376 96 83  284 208 88 73  1007 481 92 89  791 223 84 74  595 317 88 79 
BASE_Positive/BASE_255.jpg  4  152 165 87 70  403 102 83 67  828 317 87 79  595 317 88 79 
BASE_Positive/BASE_256.jpg  4  324 18 80 62  559 54 79 64  803 419 91 85  595 317 88 79 
BASE_Positive/BASE_257.jpg  3  722 70 79 65  717 499 94 90  595 317 88 79 
BASE_Positive/BASE_258.jpg  4  860 149 81 70  204 541 101 93  591 529 96 92  595 317 88 79 
BASE_Positive/BASE_259.jpg  5  965 80 78 66  941 280 85 77  158 347 94 81  467 499 96 90  595 318 88 79 
BASE_Positive/BASE_260.jpg  5  1091 261 84 76  934 437 91 86  229 172 87 71  382 419 94 85  595 318 88 79 
BASE_Positive/BASE_261.jpg  5  1097 491 92 90  826 576 96 95  379 51 81 64  361 318 91 79  595 318 88 79 
BASE_Positive/BASE_262.jpg  3  569 1 77 62  402 223 87 74  595 318 88 79 
BASE_Positive/BASE_263.jpg  3  763 27 77 63  488 159 84 70  595 317 88 79 
BASE_Positive/BASE_264.jpg  4  283 499 101 87  922 146 78 62  598 155 81 63  595 320 88 74 
BASE_Positive/BASE_265.jpg  5  125 594 107 95  236 354 94 76  1019 292 84 72  706 175 81 64  595 319 88 74 
BASE_Positive/BASE_266.jpg  5  71 374 97 78  287 219 87 67  1012 472 92 85  790 233 83 68  595 319 88 74 
BASE_Positive/BASE_267.jpg  4  158 181 87 64  406 124 81 61  828 319 87 74  595 319 88 74 
BASE_Positive/BASE_268.jpg  4  331 50 79 56  561 82 78 58  805 414 91 81  595 319 88 74 
BASE_Positive/BASE_269.jpg  3  721 96 77 59  718 489 95 87  595 319 88 74 
BASE_Positive/BASE_270.jpg  5  765 12 73 53  857 167 80 63  196 529 103 90  591 517 97 89  595 320 88 74 
BASE_Positive/BASE_271.jpg  5  960 105 76 59  940 285 84 71  157 347 95 76  464 489 98 87  595 320 88 74 
BASE_Positive/BASE_272.jpg  5  1089 268 83 70  937 430 91 82  234 187 86 65  380 414 95 81  595 320 88 74 
BASE_Positive/BASE_273.jpg  5  1104 481 92 86  830 562 98 92  385 79 80 58  361 320 91 74  595 320 88 74 
BASE_Positive/BASE_274.jpg  3  571 35 76 55  403 234 87 68  595 320 88 74 
BASE_Positive/BASE_275.jpg  4  431 607 104 96  760 58 75 56  490 175 83 64  595 320 88 74 
BASE_Positive/BASE_276.jpg  4  278 486 102 82  918 168 77 55  599 175 80 56  595 322 88 68 
BASE_Positive/BASE_277.jpg  5  114 575 110 91  235 354 95 70  1019 297 83 66  705 193 80 57  595 322 88 68 
BASE_Positive/BASE_278.jpg  5  69 371 98 72  290 233 87 60  1017 461 92 80  789 245 82 61  595 322 88 68 
BASE_Positive/BASE_279.jpg  5  163 198 86 58  410 149 80 54  880 614 102 95  828 322 86 68  595 322 88 68 
BASE_Positive/BASE_280.jpg  4  337 84 77 49  562 112 76 51  806 408 91 75  595 322 88 68 
BASE_Positive/BASE_281.jpg  4  547 35 72 46  719 124 76 52  719 476 96 81  595 322 88 68 
BASE_Positive/BASE_282.jpg  5  762 51 71 47  855 186 78 57  188 514 105 85  590 503 99 84  595 322 88 68 
BASE_Positive/BASE_283.jpg  5  955 132 75 53  939 291 84 65  156 347 96 70  462 477 99 81  595 322 88 68 
BASE_Positive/BASE_284.jpg  5  1088 276 82 64  940 423 91 76  238 204 86 58  378 408 96 75  595 322 88 68 
BASE_Positive/BASE_285.jpg  5  1110 470 92 81  834 545 99 88  389 109 78 51  361 322 91 68  595 322 88 68 
BASE_Positive/BASE_286.jpg  4  640 610 104 94  572 71 74 48  405 245 86 61  595 322 88 68 
BASE_Positive/BASE_287.jpg  4  426 587 106 92  758 91 74 50  491 194 82 57  595 322 88 68 
BASE_Positive/BASE_288.jpg  4  273 471 104 75  915 191 76 48  599 198 79 49  595 325 88 61 
BASE_Positive/BASE_289.jpg  5  103 551 113 84  234 353 95 63  1018 304 83 59  705 213 79 50  595 325 88 61 
BASE_Positive/BASE_290.jpg  5  66 369 99 65  292 247 86 53  1021 448 93 73  788 258 81 54  595 325 88 61 
BASE_Positive/BASE_291.jpg  5  167 217 86 51  413 175 79 47  886 587 104 88  828 325 86 61  595 325 88 61 
BASE_Positive/BASE_292.jpg  4  343 120 76 43  563 143 75 44  807 401 91 68  595 325 88 61 
BASE_Positive/BASE_293.jpg  5  549 79 71 39  718 154 75 45  353 620 114 92  720 462 97 74  595 325 88 61 
BASE_Positive/BASE_294.jpg  5  760 92 70 40  853 207 77 50  182 496 107 78  589 486 100 77  595 325 88 61 
BASE_Positive/BASE_295.jpg  5  950 160 73 46  939 298 83 58  155 347 96 63  459 462 100 74  595 325 88 61 
BASE_Positive/BASE_296.jpg  5  1086 285 81 57  942 414 91 69  241 222 85 51  377 401 97 68  595 325 88 61 
BASE_Positive/BASE_297.jpg  5  1116 456 92 74  838 524 100 81  393 141 77 44  361 325 91 61  595 325 88 61 
BASE_Positive/BASE_298.jpg  4  640 583 107 88  574 109 73 42  406 258 86 54  595 325 88 61 
BASE_Positive/BASE_299.jpg  4  422 562 109 86  756 126 72 43  493 213 81 50  595 325 88 61 
BASE_Positive/BASE_300.jpg  4  269 454 106 67  912 216 74 41  600 222 78 42  595 329 88 53 
BASE_Positive/BASE_301.jpg  5  94 524 116 76  233 352 96 55  1018 310 82 51  704 234 78 43  595 329 88 53 
BASE_Positive/BASE_302.jpg  5  64 366 100 57  294 263 86 46  1025 434 93 65  788 272 81 47  595 329 88 53 
BASE_Positive/BASE_303.jpg  5  171 238 85 43  415 202 79 40  891 555 106 80  829 329 85 53  595 329 88 53 
BASE_Positive/BASE_304.jpg  5  347 157 75 36  564 176 74 38  628 618 115 88  808 393 92 60  595 329 88 53 
BASE_Positive/BASE_305.jpg  5  551 123 69 33  717 185 73 39  346 584 117 84  721 446 98 66  595 329 88 53 
BASE_Positive/BASE_306.jpg  5  758 134 68 34  851 229 76 43  176 475 109 70  588 467 101 69  595 329 88 53 
BASE_Positive/BASE_307.jpg  5  946 190 72 39  938 306 82 50  154 347 97 55  457 446 101 66  595 329 88 53 
BASE_Positive/BASE_308.jpg  5  1085 295 80 49  944 404 91 61  244 242 85 44  375 393 98 60  595 329 88 53 
BASE_Positive/BASE_309.jpg  5  1121 441 92 65  841 500 101 73  396 174 76 38  361 329 92 53  595 329 88 53 
BASE_Positive/BASE_310.jpg  5  987 597 108 85  640 552 109 79  575 148 71 35  407 272 85 47  595 329 88 53 
BASE_Positive/BASE_311.jpg  4  418 533 111 77  754 162 71 36  494 235 81 43  595 329 88 53 
BASE_Positive/BASE_312.jpg  5  306 606 128 82  265 435 107 57  910 242 73 34  600 246 77 35  595 333 88 44 
BASE_Positive/BASE_313.jpg  5  86 493 118 65  233 352 96 46  1017 318 81 42  704 257 77 36  595 333 88 44 
BASE_Positive/BASE_314.jpg  5  63 363 100 48  296 279 86 38  1028 419 93 55  787 287 80 39  595 333 88 44 
BASE_Positive/BASE_315.jpg  5  174 260 85 36  417 231 78 33  895 519 107 69  829 333 85 44  595 333 88 44 
BASE_Positive/BASE_316.jpg  5  351 195 74 29  565 210 73 31  628 572 118 77  809 385 92 50  595 333 88 44 
BASE_Positive/BASE_317.jpg  5  552 168 68 27  716 217 73 32  340 544 120 72  722 429 98 56  595 333 88 44 
BASE_Positive/BASE_318.jpg  5  756 177 67 28  849 252 75 35  170 453 111 59  588 446 102 58  595 333 88 44 
BASE_Positive/BASE_319.jpg  5  943 221 71 32  938 314 82 42  153 348 97 46  456 429 102 56  595 333 88 44 
BASE_Positive/BASE_320.jpg  5  1084 305 79 41  946 394 91 52  247 262 84 36  374 385 98 50  595 333 88 44 
BASE_Positive/BASE_321.jpg  5  1125 424 92 55  843 473 102 62  399 209 75 31  361 333 92 44  595 333 88 44 
BASE_Positive/BASE_322.jpg  5  994 555 109 74  640 517 110 68  576 188 70 29  408 287 85 39  595 333 88 44 
BASE_Positive/BASE_323.jpg  4  414 501 113 66  753 199 70 30  495 257 80 36  595 333 88 44 
BASE_Positive/BASE_324.jpg  5  299 548 131 67  263 415 108 45  909 269 73 27  600 272 77 27  595 337 88 35 
BASE_Positive/BASE_325.jpg  5  79 460 119 52  232 351 96 37  1017 325 81 33  703 280 77 28  595 337 88 35 
BASE_Positive/BASE_326.jpg  5  62 360 101 38  297 297 86 30  1031 402 93 44  786 302 80 31  595 337 88 35 
BASE_Positive/BASE_327.jpg  5  177 282 84 28  419 260 77 26  899 480 108 55  829 337 85 35  595 337 88 35 
BASE_Positive/BASE_328.jpg  5  354 234 73 23  566 245 73 24  627 521 120 62  810 377 92 40  595 337 88 35 
BASE_Positive/BASE_329.jpg  5  553 214 67 21  716 250 72 25  336 499 122 59  723 410 99 45  595 337 88 35 
BASE_Positive/BASE_330.jpg  5  755 220 66 22  848 276 75 28  166 428 112 47  588 423 103 47  595 337 88 35 
BASE_Positive/BASE_331.jpg  5  941 254 70 25  937 323 81 33  153 348 97 36  455 410 103 45  595 337 88 35 
BASE_Positive/BASE_332.jpg  5  1083 316 78 32  948 384 91 41  249 284 84 28  373 377 99 40  595 337 88 35 
BASE_Positive/BASE_333.jpg  5  1128 407 92 44  846 444 103 50  401 244 75 24  361 337 92 35  595 337 88 35 
BASE_Positive/BASE_334.jpg  5  1000 507 110 60  640 478 112 55  576 228 70 22  409 302 85 31  595 337 88 35 
BASE_Positive/BASE_335.jpg  5  675 569 127 71  412 465 114 53  752 236 69 23  496 280 80 28  595 337 88 35 
BASE_Positive/BASE_336.jpg  4  390 467 69 63  852 186 60 51  609 193 61 52  607 329 64 57 
BASE_Positive/BASE_337.jpg  5  286 536 72 66  349 357 67 58  917 307 62 56  689 210 61 52  607 329 64 57 
BASE_Positive/BASE_338.jpg  5  232 372 68 59  379 248 64 54  902 447 66 62  751 259 62 54  607 329 64 57 
BASE_Positive/BASE_339.jpg  5  280 215 64 53  463 167 61 51  799 566 69 68  777 329 63 57  607 329 64 57 
BASE_Positive/BASE_340.jpg  5  403 102 60 48  580 130 59 49  632 623 71 70  757 402 65 60  607 329 64 57 
BASE_Positive/BASE_341.jpg  5  566 51 57 46  701 143 59 50  456 593 72 69  695 459 67 63  607 329 64 57 
BASE_Positive/BASE_342.jpg  5  737 68 57 47  803 204 60 52  331 489 70 64  605 481 68 64  607 329 64 57 
BASE_Positive/BASE_343.jpg  5  882 150 59 50  859 301 62 56  292 351 67 58  516 459 68 63  607 329 64 57 
BASE_Positive/BASE_344.jpg  5  969 287 62 56  851 415 65 61  337 220 63 53  455 403 67 60  607 329 64 57 
BASE_Positive/BASE_345.jpg  5  966 454 66 63  771 513 68 65  445 128 60 49  437 329 65 57  607 329 64 57 
BASE_Positive/BASE_346.jpg  5  855 604 70 70  640 563 70 68  587 89 58 48  465 259 63 54  607 329 64 57 
BASE_Positive/BASE_347.jpg  4  497 546 70 67  732 110 58 48  528 211 62 52  607 329 64 57 
BASE_Positive/BASE_348.jpg  5  439 640 76 71  387 459 70 60  850 200 59 47  609 207 60 47  607 330 64 54 
BASE_Positive/BASE_349.jpg  5  280 525 74 64  349 356 67 55  916 310 62 53  689 222 60 48  607 330 64 54 
BASE_Positive/BASE_350.jpg  5  230 370 69 56  380 256 63 50  904 440 66 59  750 266 61 50  607 330 64 54 
BASE_Positive/BASE_351.jpg  5  283 226 63 48  466 183 60 46  802 553 70 66  777 330 63 54  607 330 64 54 
BASE_Positive/BASE_352.jpg  5  407 125 59 43  580 150 58 45  632 607 73 69  758 398 65 57  607 330 64 54 
BASE_Positive/BASE_353.jpg  5  568 80 56 41  700 161 58 45  452 578 74 67  695 452 67 60  607 330 64 54 
BASE_Positive/BASE_354.jpg  5  735 94 56 42  801 216 59 48  327 480 72 62  605 472 69 61  607 330 64 54 
BASE_Positive/BASE_355.jpg  5  879 168 57 46  859 305 62 52  291 350 67 55  515 452 69 60  607 330 64 54 
BASE_Positive/BASE_356.jpg  5  969 292 61 52  852 410 65 58  339 231 63 49  454 399 68 57  607 330 64 54 
BASE_Positive/BASE_357.jpg  5  969 446 66 60  773 503 69 63  448 148 59 45  437 330 65 54  607 330 64 54 
BASE_Positive/BASE_358.jpg  5  860 589 71 68  640 550 71 66  588 113 57 43  466 267 63 50  607 330 64 54 
BASE_Positive/BASE_359.jpg  4  494 533 72 65  731 131 57 44  529 222 61 48  607 330 64 54 
BASE_Positive/BASE_360.jpg  5  434 618 78 68  385 449 71 56  848 216 58 42  609 222 59 43  607 332 64 49 
BASE_Positive/BASE_361.jpg  5  275 510 75 60  348 355 67 51  916 314 61 48  688 235 59 43  607 332 64 49 
BASE_Positive/BASE_362.jpg  5  229 368 69 51  382 265 63 45  907 432 66 55  750 275 61 46  607 332 64 49 
BASE_Positive/BASE_363.jpg  5  286 239 63 44  467 201 60 41  805 537 71 62  777 332 63 49  607 332 64 49 
BASE_Positive/BASE_364.jpg  5  410 150 58 39  581 172 57 40  632 587 74 66  759 394 66 53  607 332 64 49 
BASE_Positive/BASE_365.jpg  5  569 110 55 37  700 182 57 40  448 560 75 64  696 443 68 56  607 332 64 49 
BASE_Positive/BASE_366.jpg  5  733 123 55 37  800 230 59 43  323 468 73 58  605 461 69 57  607 332 64 49 
BASE_Positive/BASE_367.jpg  5  876 187 56 41  858 309 62 48  290 350 68 50  514 443 69 56  607 332 64 49 
BASE_Positive/BASE_368.jpg  5  968 298 60 47  853 405 65 54  342 243 63 44  453 394 68 53  607 332 64 49 
BASE_Positive/BASE_369.jpg  5  972 438 66 56  775 490 69 59  451 170 59 40  437 332 66 49  607 332 64 49 
BASE_Positive/BASE_370.jpg  5  865 570 72 65  640 534 72 62  589 140 56 38  467 275 63 46  607 332 64 49 
BASE_Positive/BASE_371.jpg  5  661 642 76 70  492 518 73 61  729 155 56 39  530 236 61 43  607 332 64 49 
BASE_Positive/BASE_372.jpg  5  429 591 80 63  382 438 72 51  846 233 57 37  610 238 59 38  607 334 64 44 
BASE_Positive/BASE_373.jpg  5  270 493 76 56  347 355 68 45  916 318 61 43  688 250 59 38  607 334 64 44 
BASE_Positive/BASE_374.jpg  5  228 366 70 46  383 276 63 40  909 423 66 50  749 284 60 41  607 334 64 44 
BASE_Positive/BASE_375.jpg  5  288 253 63 39  469 220 59 36  808 517 72 57  777 334 63 44  607 334 64 44 
BASE_Positive/BASE_376.jpg  5  413 176 57 34  582 195 57 35  632 563 76 61  759 389 66 48  607 334 64 44 
BASE_Positive/BASE_377.jpg  5  570 142 54 32  699 203 56 35  445 538 77 59  696 432 68 51  607 334 64 44 
BASE_Positive/BASE_378.jpg  5  732 153 54 32  799 245 58 38  320 455 74 53  604 449 70 52  607 335 64 44 
BASE_Positive/BASE_379.jpg  5  874 208 56 36  858 314 61 43  290 350 68 45  513 432 70 51  607 335 64 44 
BASE_Positive/BASE_380.jpg  5  967 304 60 42  855 399 65 48  344 257 62 39  452 389 68 48  607 335 64 44 
BASE_Positive/BASE_381.jpg  5  975 428 66 51  777 475 70 54  453 193 58 35  437 335 66 44  607 335 64 44 
BASE_Positive/BASE_382.jpg  5  869 547 73 60  640 514 73 57  589 167 55 33  467 284 63 41  607 335 64 44 
BASE_Positive/BASE_383.jpg  5  661 614 78 65  490 500 74 56  728 181 55 34  530 250 60 38  607 335 64 44 
BASE_Positive/BASE_384.jpg  5  425 560 81 57  380 426 73 45  844 251 56 32  610 255 58 32  607 337 64 38 
BASE_Positive/BASE_385.jpg  5  265 474 77 49  347 354 68 40  916 323 61 37  688 266 58 33  607 337 64 38 
BASE_Positive/BASE_386.jpg  5  227 364 70 40  384 287 63 34  911 413 66 44  749 294 60 35  607 337 64 38 
BASE_Positive/BASE_387.jpg  5  290 268 62 33  471 240 59 31  810 494 73 51  777 337 62 38  607 337 64 38 
BASE_Positive/BASE_388.jpg  5  416 204 57 29  583 219 56 30  632 535 77 55  760 384 66 42  607 337 64 38 
BASE_Positive/BASE_389.jpg  5  571 176 53 27  698 227 56 30  442 513 78 53  697 421 69 45  607 337 64 38 
BASE_Positive/BASE_390.jpg  5  731 185 53 27  798 261 57 33  317 441 74 47  604 435 71 46  607 337 64 38 
BASE_Positive/BASE_391.jpg  5  872 231 55 30  858 320 61 37  289 351 68 39  512 421 71 45  607 337 64 38 
BASE_Positive/BASE_392.jpg  5  966 311 59 36  856 392 65 43  345 271 62 33  451 384 69 42  607 337 64 38 
BASE_Positive/BASE_393.jpg  5  978 417 66 45  779 457 70 48  455 218 57 30  437 337 66 38  607 337 64 38 
BASE_Positive/BASE_394.jpg  5  873 521 74 54  640 492 74 51  590 196 55 28  468 295 62 35  607 337 64 38 
BASE_Positive/BASE_395.jpg  5  662 579 80 59  488 480 75 50  727 208 54 29  531 266 60 33  607 337 64 38 
BASE_Positive/BASE_396.jpg  5  421 524 83 49  379 413 73 38  843 270 56 26  610 274 58 27  607 340 64 32 
BASE_Positive/BASE_397.jpg  5  262 452 78 42  347 354 68 33  915 329 60 31  688 282 58 27  607 340 64 32 
BASE_Positive/BASE_398.jpg  5  226 362 70 34  385 300 63 29  912 402 66 37  748 305 60 29  607 340 64 32 
BASE_Positive/BASE_399.jpg  5  292 284 62 27  472 262 58 26  812 469 73 44  777 340 62 32  607 340 64 32 
BASE_Positive/BASE_400.jpg  5  418 233 56 24  583 245 56 24  632 503 78 47  760 378 66 35  607 340 64 32 
BASE_Positive/BASE_401.jpg  5  572 210 53 22  698 251 55 25  439 485 79 45  697 408 69 38  607 340 64 32 
BASE_Positive/BASE_402.jpg  5  730 218 52 23  797 279 57 27  315 425 75 39  604 420 71 39  607 340 64 32 
BASE_Positive/BASE_403.jpg  5  870 254 54 25  857 326 60 31  289 351 69 33  511 409 71 38  607 340 64 32 
BASE_Positive/BASE_404.jpg  5  966 319 59 30  857 384 65 36  347 287 62 28  451 378 69 35  607 340 64 32 
BASE_Positive/BASE_405.jpg  5  980 406 66 38  780 438 71 41  456 244 57 24  437 340 66 32  607 340 64 32 
BASE_Positive/BASE_406.jpg  5  876 491 74 46  640 467 75 43  590 227 54 23  469 305 62 29  607 340 64 32 
BASE_Positive/BASE_407.jpg  5  662 540 81 51  486 457 76 42  726 236 54 24  532 282 60 27  607 340 64 32 
BASE_Positive/BASE_408.jpg  5  418 484 84 40  377 398 74 30  842 291 55 21  610 293 58 21  607 343 64 25 
BASE_Positive/BASE_409.jpg  5  259 429 79 34  346 353 68 26  915 334 60 24  687 299 58 21  607 343 64 25 
BASE_Positive/BASE_410.jpg  5  225 360 70 27  386 312 63 23  914 390 66 30  748 317 59 23  607 343 64 25 
BASE_Positive/BASE_411.jpg  5  293 301 62 22  473 284 58 20  814 442 74 35  777 343 62 25  607 343 64 25 
BASE_Positive/BASE_412.jpg  5  420 262 56 18  583 271 55 19  631 468 79 38  761 372 66 28  607 343 64 25 
BASE_Positive/BASE_413.jpg  5  573 246 52 17  698 276 55 19  437 454 80 36  697 395 69 30  607 343 64 25 
BASE_Positive/BASE_414.jpg  5  729 251 52 18  796 297 56 21  313 408 76 31  603 404 71 31  607 343 64 25 
BASE_Positive/BASE_415.jpg  5  869 278 54 20  857 332 60 24  289 351 69 26  511 395 72 30  607 343 64 25 
BASE_Positive/BASE_416.jpg  5  965 327 58 24  857 377 65 28  348 303 62 22  450 372 69 28  607 343 64 25 
BASE_Positive/BASE_417.jpg  5  981 393 66 30  781 418 71 33  458 271 56 19  437 343 66 25  607 343 64 25 
BASE_Positive/BASE_418.jpg  5  879 459 75 37  640 440 76 35  591 258 54 18  469 317 62 23  607 343 64 25 
BASE_Positive/BASE_419.jpg  5  662 497 82 41  485 432 77 34  726 265 53 19  532 299 59 21  607 343 64 25 
BASE_Positive/BASE_420.jpg  5  490 587 56 54  446 443 53 49  808 221 47 41  615 227 48 41  614 335 50 45 
BASE_Positive/BASE_421.jpg  5  367 496 55 50  412 357 52 46  858 318 49 44  679 241 48 42  614 335 50 45 
BASE_Positive/BASE_422.jpg  5  321 369 53 46  434 271 50 43  843 428 51 48  727 280 49 43  614 335 50 45 
BASE_Positive/BASE_423.jpg  5  355 245 50 42  499 206 48 41  762 519 53 51  747 335 50 45  614 335 50 45 
BASE_Positive/BASE_424.jpg  5  450 153 47 39  592 176 47 40  634 562 55 53  731 393 51 47  614 335 50 45 
BASE_Positive/BASE_425.jpg  5  581 111 46 38  689 187 47 40  499 539 55 52  682 437 52 48  614 335 50 45 
BASE_Positive/BASE_426.jpg  5  718 125 46 38  769 236 48 42  401 460 54 49  613 454 52 49  614 335 50 45 
BASE_Positive/BASE_427.jpg  5  833 192 47 40  812 314 49 44  367 353 52 45  544 437 53 48  614 335 50 45 
BASE_Positive/BASE_428.jpg  5  899 302 49 44  804 403 51 47  400 249 50 42  496 393 52 47  614 335 50 45 
BASE_Positive/BASE_429.jpg  5  893 433 51 48  742 479 53 50  484 174 48 40  481 335 51 45  614 335 50 45 
BASE_Positive/BASE_430.jpg  5  805 547 54 52  640 517 54 51  597 143 46 39  502 280 50 43  614 335 50 45 
BASE_Positive/BASE_431.jpg  5  655 607 55 54  530 503 54 51  714 159 46 39  551 241 49 42  614 335 50 45 
BASE_Positive/BASE_432.jpg  5  487 573 57 52  444 437 54 46  807 232 47 38  615 237 48 38  614 337 50 42 
BASE_Positive/BASE_433.jpg  5  364 487 56 48  412 357 52 43  857 321 49 41  679 250 48 39  614 336 50 42 
BASE_Positive/BASE_434.jpg  5  320 368 53 43  435 277 50 40  845 422 51 45  727 286 48 40  614 336 50 42 
BASE_Positive/BASE_435.jpg  5  356 254 50 39  501 218 48 37  764 508 54 49  747 336 50 42  614 336 50 42 
BASE_Positive/BASE_436.jpg  5  453 171 47 36  592 191 47 36  634 549 55 51  732 390 51 44  614 336 50 42 
BASE_Positive/BASE_437.jpg  5  582 133 45 34  688 201 46 37  496 527 56 50  683 431 52 46  614 337 50 42 
BASE_Positive/BASE_438.jpg  5  716 145 45 35  768 245 47 38  398 453 55 47  613 447 53 47  614 337 50 42 
BASE_Positive/BASE_439.jpg  5  831 206 46 37  812 316 49 41  367 352 52 43  543 431 53 46  614 337 50 42 
BASE_Positive/BASE_440.jpg  5  899 306 48 41  805 399 51 45  401 257 50 39  495 390 52 44  614 337 50 42 
BASE_Positive/BASE_441.jpg  5  895 427 51 46  743 470 53 48  486 190 47 36  481 337 51 42  614 337 50 42 
BASE_Positive/BASE_442.jpg  5  808 535 54 50  640 506 54 49  598 161 46 35  502 286 50 40  614 337 50 42 
BASE_Positive/BASE_443.jpg  5  655 592 56 53  528 493 55 49  713 176 46 36  551 250 48 39  614 337 50 42 
BASE_Positive/BASE_444.jpg  5  484 556 58 49  443 429 54 43  806 245 46 34  615 249 47 34  614 338 50 38 
BASE_Positive/BASE_445.jpg  5  360 475 57 45  411 356 52 39  857 324 49 38  678 260 47 35  614 338 50 38 
BASE_Positive/BASE_446.jpg  5  319 366 53 40  435 285 50 36  846 416 51 42  727 292 48 36  614 338 50 38 
BASE_Positive/BASE_447.jpg  5  358 263 50 35  502 232 47 34  766 495 54 46  747 338 49 38  614 338 50 38 
BASE_Positive/BASE_448.jpg  5  455 190 46 32  593 208 46 33  634 533 56 48  732 386 51 41  614 338 50 38 
BASE_Positive/BASE_449.jpg  5  582 157 44 30  688 216 46 33  494 513 57 47  683 424 53 43  614 338 50 38 
BASE_Positive/BASE_450.jpg  5  715 168 44 31  767 256 47 35  396 444 55 44  613 438 53 43  614 338 50 38 
BASE_Positive/BASE_451.jpg  5  829 221 45 33  812 320 49 38  366 352 52 39  543 424 53 43  614 338 50 38 
BASE_Positive/BASE_452.jpg  5  898 311 48 37  806 395 51 41  403 267 49 35  494 387 53 41  614 338 50 38 
BASE_Positive/BASE_453.jpg  5  897 420 51 42  744 460 53 44  488 207 47 33  481 338 51 38  614 338 50 38 
BASE_Positive/BASE_454.jpg  5  811 520 55 48  640 493 55 46  598 182 45 31  503 292 49 36  614 338 50 38 
BASE_Positive/BASE_455.jpg  5  655 573 58 50  527 481 55 46  712 195 45 32  552 261 48 35  614 338 50 38 
BASE_Positive/BASE_456.jpg  5  482 534 59 46  441 421 55 39  804 258 46 30  616 262 47 30  614 340 50 34 
BASE_Positive/BASE_457.jpg  5  357 462 57 41  411 356 52 35  857 327 48 34  678 272 47 31  614 340 50 34 
BASE_Positive/BASE_458.jpg  5  318 365 54 36  436 293 50 32  848 409 52 38  726 300 48 32  614 340 50 34 
BASE_Positive/BASE_459.jpg  5  360 275 49 31  503 247 47 30  767 480 55 42  747 340 49 34  614 340 50 34 
BASE_Positive/BASE_460.jpg  5  457 211 46 28  593 226 46 29  634 514 57 44  733 383 51 37  614 340 50 34 
BASE_Positive/BASE_461.jpg  5  583 183 44 26  687 234 45 29  492 496 58 43  683 416 53 39  614 340 50 34 
BASE_Positive/BASE_462.jpg  5  714 192 43 27  766 268 46 31  394 433 56 40  612 429 54 39  614 340 50 34 
BASE_Positive/BASE_463.jpg  5  828 238 45 29  812 324 48 34  366 352 53 35  542 416 54 39  614 340 50 34 
BASE_Positive/BASE_464.jpg  5  898 316 48 33  806 390 51 37  404 277 49 31  494 383 53 37  614 340 50 34 
BASE_Positive/BASE_465.jpg  5  899 413 51 38  745 448 54 40  489 225 46 29  481 340 51 34  614 340 50 34 
BASE_Positive/BASE_466.jpg  5  813 502 56 44  640 478 56 42  599 204 45 28  503 300 49 32  614 340 50 34 
BASE_Positive/BASE_467.jpg  5  656 551 58 47  526 467 56 42  711 215 44 28  553 272 48 31  614 340 50 34 
BASE_Positive/BASE_468.jpg  5  479 510 60 41  440 411 55 34  803 272 45 26  616 276 47 26  614 342 50 30 
BASE_Positive/BASE_469.jpg  5  355 447 58 36  411 355 53 31  857 331 48 29  678 284 47 27  614 342 50 30 
BASE_Positive/BASE_470.jpg  5  318 363 54 31  437 302 49 28  849 401 52 34  726 308 48 28  614 342 50 30 
BASE_Positive/BASE_471.jpg  5  361 286 49 27  504 263 47 25  769 462 55 38  747 342 49 30  614 342 50 30 
BASE_Positive/BASE_472.jpg  5  459 233 46 24  594 246 45 24  634 492 58 40  733 378 51 32  614 342 50 30 
BASE_Positive/BASE_473.jpg  5  584 209 43 23  687 252 45 25  491 476 58 38  684 407 53 34  614 342 50 30 
BASE_Positive/BASE_474.jpg  5  714 217 43 23  766 281 46 26  392 422 56 35  612 418 54 35  614 342 50 30 
BASE_Positive/BASE_475.jpg  5  826 256 44 25  811 328 48 29  366 352 53 31  541 407 54 34  614 342 50 30 
BASE_Positive/BASE_476.jpg  5  897 321 47 29  807 385 51 33  405 289 49 27  493 379 53 32  614 342 50 30 
BASE_Positive/BASE_477.jpg  5  900 404 51 34  746 435 54 36  491 245 46 24  481 342 51 30  614 342 50 30 
BASE_Positive/BASE_478.jpg  5  815 482 56 39  640 461 56 37  599 227 44 23  504 308 49 28  614 342 50 30 
BASE_Positive/BASE_479.jpg  5  656 524 59 42  524 451 57 37  710 236 44 24  553 284 48 27  614 342 50 30 
BASE_Positive/BASE_480.jpg  5  477 482 61 35  439 401 56 29  803 288 45 21  616 291 46 22  614 344 50 25 
BASE_Positive/BASE_481.jpg  5  353 430 59 31  411 355 53 26  857 335 48 24  678 297 46 22  614 344 50 25 
BASE_Positive/BASE_482.jpg  5  317 361 54 26  437 312 49 23  850 392 52 28  726 316 47 23  614 344 50 25 
BASE_Positive/BASE_483.jpg  5  362 299 49 22  505 281 47 21  770 443 56 32  747 344 49 25  614 344 50 25 
BASE_Positive/BASE_484.jpg  5  460 256 45 20  594 267 45 20  634 467 58 34  733 374 51 27  614 344 50 25 
BASE_Positive/BASE_485.jpg  5  584 237 43 19  687 271 45 20  489 454 59 33  684 397 53 29  614 344 50 25 
BASE_Positive/BASE_486.jpg  5  713 243 42 19  765 295 46 22  391 410 57 29  612 406 54 29  614 344 50 25 
BASE_Positive/BASE_487.jpg  5  825 274 44 21  811 333 48 24  365 353 53 26  541 397 54 29  614 344 50 25 
BASE_Positive/BASE_488.jpg  5  897 328 47 24  808 379 51 27  406 301 49 22  493 374 53 27  614 344 50 25 
BASE_Positive/BASE_489.jpg  5  901 395 51 28  746 420 54 30  492 266 46 20  481 344 51 25  614 344 50 25 
BASE_Positive/BASE_490.jpg  5  817 459 56 33  640 441 57 32  600 251 44 19  504 316 49 23  614 344 50 25 
BASE_Positive/BASE_491.jpg  5  656 494 60 36  524 434 57 31  710 259 44 20  553 297 47 22  614 344 50 25 
BASE_Positive/BASE_492.jpg  5  476 453 62 28  438 389 56 23  802 304 45 17  616 306 46 17  614 347 50 20 
BASE_Positive/BASE_493.jpg  5  351 412 59 25  411 355 53 20  857 340 48 19  678 311 46 17  614 346 50 20 
BASE_Positive/BASE_494.jpg  5  317 360 54 21  438 322 49 18  850 383 52 22  726 326 47 18  614 346 50 20 
BASE_Positive/BASE_495.jpg  5  363 313 49 17  505 298 46 16  771 422 56 25  747 346 49 20  614 346 50 20 
BASE_Positive/BASE_496.jpg  5  461 280 45 15  594 288 45 16  634 441 59 27  733 369 51 21  614 346 50 20 
BASE_Positive/BASE_497.jpg  5  585 266 43 14  686 292 44 16  488 431 59 26  684 387 53 23  614 347 50 20 
BASE_Positive/BASE_498.jpg  5  712 271 42 15  765 309 45 17  390 396 57 23  612 394 55 23  614 347 50 20 
BASE_Positive/BASE_499.jpg  5  824 294 44 16  811 338 48 19  365 353 53 20  540 387 55 23  614 347 50 20 
BASE_Positive/BASE_500.jpg  5  897 334 47 19  808 373 51 22  407 314 49 17  493 369 53 21  614 347 50 20 
BASE_Positive/BASE_501.jpg  5  902 385 51 23  747 404 54 24  492 287 45 16  481 347 51 20  614 347 50 20 
BASE_Positive/BASE_502.jpg  5  818 435 57 26  640 421 57 25  600 276 43 15  504 326 49 18  614 347 50 20 
BASE_Positive/BASE_503.jpg  5  656 462 61 29  523 415 58 25  709 282 43 15  554 311 47 17  614 347 50 20 
BASE_Positive/BASE_504.jpg  4  288 510 99 91  926 126 80 68  598 136 82 69  595 317 88 79 
BASE_Positive/BASE_505.jpg  5  137 610 104 97  238 355 94 81  1020 288 85 77  707 159 82 70  595 317 88 79 
BASE_Positive/BASE_506.jpg  5  74 376 96 83  284 208 88 73  1007 481 92 89  791 223 84 74  595 317 88 79 
BASE_Positive/BASE_507.jpg  4  152 165 87 70  403 102 83 67  828 317 87 79  595 317 88 79 
BASE_Positive/BASE_508.jpg  4  324 18 80 62  559 54 79 64  803 419 91 85  595 317 88 79 
BASE_Positive/BASE_509.jpg  3  722 70 79 65  717 499 94 90  595 317 88 79 
BASE_Positive/BASE_510.jpg  4  860 149 81 70  204 541 101 93  591 529 96 92  595 317 88 79 
BASE_Positive/BASE_511.jpg  5  965 80 78 66  941 280 85 77  158 347 94 81  467 499 96 90  595 318 88 79 
BASE_Positive/BASE_512.jpg  5  1091 261 84 76  934 437 91 86  229 172 87 71  382 419 94 85  595 318 88 79 
BASE_Positive/BASE_513.jpg  5  1097 491 92 90  826 576 96 95  379 51 81 64  361 318 91 79  595 318 88 79 
BASE_Positive/BASE_514.jpg  3  569 1 77 62  402 223 87 74  595 318 88 79 
BASE_Positive/BASE_515.jpg  3  763 27 77 63  488 159 84 70  595 317 88 79 
BASE_Positive/BASE_516.jpg  4  283 499 101 87  922 146 78 62  598 155 81 63  595 320 88 74 
BASE_Positive/BASE_517.jpg  5  125 594 107 95  236 354 94 76  1019 292 84 72  706 175 81 64  595 319 88 74 
BASE_Positive/BASE_518.jpg  5  71 374 97 78  287 219 87 67  1012 472 92 85  790 233 83 68  595 319 88 74 
BASE_Positive/BASE_519.jpg  4  158 181 87 64  406 124 81 61  828 319 87 74  595 319 88 74 
BASE_Positive/BASE_520.jpg  4  331 50 79 56  561 82 78 58  805 414 91 81  595 319 88 74 
BASE_Positive/BASE_521.jpg  3  721 96 77 59  718 489 95 87  595 319 88 74 
BASE_Positive/BASE_522.jpg  5  765 12 73 53  857 167 80 63  196 529 103 90  591 517 97 89  595 320 88 74 
BASE_Positive/BASE_523.jpg  5  960 105 76 59  940 285 84 71  157 347 95 76  464 489 98 87  595 320 88 74 
BASE_Positive/BASE_524.jpg  5  1089 268 83 70  937 430 91 82  234 187 86 65  380 414 95 81  595 320 88 74 
BASE_Positive/BASE_525.jpg  5  1104 481 92 86  830 562 98 92  385 79 80 58  361 320 91 74  595 320 88 74 
BASE_Positive/BASE_526.jpg  3  571 35 76 55  403 234 87 68  595 320 88 74 
BASE_Positive/BASE_527.jpg  4  431 607 104 96  760 58 75 56  490 175 83 64  595 320 88 74 
BASE_Positive/BASE_528.jpg  4  278 486 102 82  918 168 77 55  599 175 80 56  595 322 88 68 
BASE_Positive/BASE_529.jpg  5  114 575 110 91  235 354 95 70  1019 297 83 66  705 193 80 57  595 322 88 68 
BASE_Positive/BASE_530.jpg  5  69 371 98 72  290 233 87 60  1017 461 92 80  789 245 82 61  595 322 88 68 
BASE_Positive/BASE_531.jpg  5  163 198 86 58  410 149 80 54  880 614 102 95  828 322 86 68  595 322 88 68 
BASE_Positive/BASE_532.jpg  4  337 84 77 49  562 112 76 51  806 408 91 75  595 322 88 68 
BASE_Positive/BASE_533.jpg  4  547 35 72 46  719 124 76 52  719 476 96 81  595 322 88 68 
BASE_Positive/BASE_534.jpg  5  762 51 71 47  855 186 78 57  188 514 105 85  590 503 99 84  595 322 88 68 
BASE_Positive/BASE_535.jpg  5  955 132 75 53  939 291 84 65  156 347 96 70  462 477 99 81  595 322 88 68 
BASE_Positive/BASE_536.jpg  5  1088 276 82 64  940 423 91 76  238 204 86 58  378 408 96 75  595 322 88 68 
BASE_Positive/BASE_537.jpg  5  1110 470 92 81  834 545 99 88  389 109 78 51  361 322 91 68  595 322 88 68 
BASE_Positive/BASE_538.jpg  4  640 610 104 94  572 71 74 48  405 245 86 61  595 322 88 68 
BASE_Positive/BASE_539.jpg  4  426 587 106 92  758 91 74 50  491 194 82 57  595 322 88 68 
BASE_Positive/BASE_540.jpg  4  273 471 104 75  915 191 76 48  599 198 79 49  595 325 88 61 
BASE_Positive/BASE_541.jpg  5  103 551 113 84  234 353 95 63  1018 304 83 59  705 213 79 50  595 325 88 61 
BASE_Positive/BASE_542.jpg  5  66 369 99 65  292 247 86 53  1021 448 93 73  788 258 81 54  595 325 88 61 
BASE_Positive/BASE_543.jpg  5  167 217 86 51  413 175 79 47  886 587 104 88  828 325 86 61  595 325 88 61 
BASE_Positive/BASE_544.jpg  4  343 120 76 43  563 143 75 44  807 401 91 68  595 325 88 61 
BASE_Positive/BASE_545.jpg  5  549 79 71 39  718 154 75 45  353 620 114 92  720 462 97 74  595 325 88 61 
BASE_Positive/BASE_546.jpg  5  760 92 70 40  853 207 77 50  182 496 107 78  589 486 100 77  595 325 88 61 
BASE_Positive/BASE_547.jpg  5  950 160 73 46  939 298 83 58  155 347 96 63  459 462 100 74  595 325 88 61 
BASE_Positive/BASE_548.jpg  5  1086 285 81 57  942 414 91 69  241 222 85 51  377 401 97 68  595 325 88 61 
BASE_Positive/BASE_549.jpg  5  1116 456 92 74  838 524 100 81  393 141 77 44  361 325 91 61  595 325 88 61 
BASE_Positive/BASE_550.jpg  4  640 583 107 88  574 109 73 42  406 258 86 54  595 325 88 61 
BASE_Positive/BASE_551.jpg  4  422 562 109 86  756 126 72 43  493 213 81 50  595 325 88 61 
BASE_Positive/BASE_552.jpg  4  269 454 106 67  912 216 74 41  600 222 78 42  595 329 88 53 
BASE_Positive/BASE_553.jpg  5  94 524 116 76  233 352 96 55  1018 310 82 51  704 234 78 43  595 329 88 53 
BASE_Positive/BASE_554.jpg  5  64 366 100 57  294 263 86 46  1025 434 93 65  788 272 81 47  595 329 88 53 
BASE_Positive/BASE_555.jpg  5  171 238 85 43  415 202 79 40  891 555 106 80  829 329 85 53  595 329 88 53 
BASE_Positive/BASE_556.jpg  5  347 157 75 36  564 176 74 38  628 618 115 88  808 393 92 60  595 329 88 53 
BASE_Positive/BASE_557.jpg  5  551 123 69 33  717 185 73 39  346 584 117 84  721 446 98 66  595 329 88 53 
BASE_Positive/BASE_558.jpg  5  758 134 68 34  851 229 76 43  176 475 109 70  588 467 101 69  595 329 88 53 
BASE_Positive/BASE_559.jpg  5  946 190 72 39  938 306 82 50  154 347 97 55  457 446 101 66  595 329 88 53 
BASE_Positive/BASE_560.jpg  5  1085 295 80 49  944 404 91 61  244 242 85 44  375 393 98 60  595 329 88 53 
BASE_Positive/BASE_561.jpg  5  1121 441 92 65  841 500 101 73  396 174 76 38  361 329 92 53  595 329 88 53 
BASE_Positive/BASE_562.jpg  5  987 597 108 85  640 552 109 79  575 148 71 35  407 272 85 47  595 329 88 53 
BASE_Positive/BASE_563.jpg  4  418 533 111 77  754 162 71 36  494 235 81 43  595 329 88 53 
BASE_Positive/BASE_564.jpg  5  306 606 128 82  265 435 107 57  910 242 73 34  600 246 77 35  595 333 88 44 
BASE_Positive/BASE_565.jpg  5  86 493 118 65  233 352 96 46  1017 318 81 42  704 257 77 36  595 333 88 44 
BASE_Positive/BASE_566.jpg  5  63 363 100 48  296 279 86 38  1028 419 93 55  787 287 80 39  595 333 88 44 
BASE_Positive/BASE_567.jpg  5  174 260 85 36  417 231 78 33  895 519 107 69  829 333 85 44  595 333 88 44 
BASE_Positive/BASE_568.jpg  5  351 195 74 29  565 210 73 31  628 572 118 77  809 385 92 50  595 333 88 44 
BASE_Positive/BASE_569.jpg  5  552 168 68 27  716 217 73 32  340 544 120 72  722 429 98 56  595 333 88 44 
BASE_Positive/BASE_570.jpg  5  756 177 67 28  849 252 75 35  170 453 111 59  588 446 102 58  595 333 88 44 
BASE_Positive/BASE_571.jpg  5  943 221 71 32  938 314 82 42  153 348 97 46  456 429 102 56  595 333 88 44 
BASE_Positive/BASE_572.jpg  5  1084 305 79 41  946 394 91 52  247 262 84 36  374 385 98 50  595 333 88 44 
BASE_Positive/BASE_573.jpg  5  1125 424 92 55  843 473 102 62  399 209 75 31  361 333 92 44  595 333 88 44 
BASE_Positive/BASE_574.jpg  5  994 555 109 74  640 517 110 68  576 188 70 29  408 287 85 39  595 333 88 44 
BASE_Positive/BASE_575.jpg  4  414 501 113 66  753 199 70 30  495 257 80 36  595 333 88 44 
BASE_Positive/BASE_576.jpg  5  299 548 131 67  263 415 108 45  909 269 73 27  600 272 77 27  595 337 88 35 
BASE_Positive/BASE_577.jpg  5  79 460 119 52  232 351 96 37  1017 325 81 33  703 280 77 28  595 337 88 35 
BASE_Positive/BASE_578.jpg  5  62 360 101 38  297 297 86 30  1031 402 93 44  786 302 80 31  595 337 88 35 
BASE_Positive/BASE_579.jpg  5  177 282 84 28  419 260 77 26  899 480 108 55  829 337 85 35  595 337 88 35 
BASE_Positive/BASE_580.jpg  5  354 234 73 23  566 245 73 24  627 521 120 62  810 377 92 40  595 337 88 35 
BASE_Positive/BASE_581.jpg  5  553 214 67 21  716 250 72 25  336 499 122 59  723 410 99 45  595 337 88 35 
BASE_Positive/BASE_582.jpg  5  755 220 66 22  848 276 75 28  166 428 112 47  588 423 103 47  595 337 88 35 
BASE_Positive/BASE_583.jpg  5  941 254 70 25  937 323 81 33  153 348 97 36  455 410 103 45  595 337 88 35 
BASE_Positive/BASE_584.jpg  5  1083 316 78 32  948 384 91 41  249 284 84 28  373 377 99 40  595 337 88 35 
BASE_Positive/BASE_585.jpg  5  1128 407 92 44  846 444 103 50  401 244 75 24  361 337 92 35  595 337 88 35 
BASE_Positive/BASE_586.jpg  5  1000 507 110 60  640 478 112 55  576 228 70 22  409 302 85 31  595 337 88 35 
BASE_Positive/BASE_587.jpg  5  675 569 127 71  412 465 114 53  752 236 69 23  496 280 80 28  595 337 88 35 
BASE_Positive/BASE_588.jpg  4  390 467 69 63  852 186 60 51  609 193 61 52  607 329 64 57 
BASE_Positive/BASE_589.jpg  5  286 536 72 66  349 357 67 58  917 307 62 56  689 210 61 52  607 329 64 57 
BASE_Positive/BASE_590.jpg  5  232 372 68 59  379 248 64 54  902 447 66 62  751 259 62 54  607 329 64 57 
BASE_Positive/BASE_591.jpg  5  280 215 64 53  463 167 61 51  799 566 69 68  777 329 63 57  607 329 64 57 
BASE_Positive/BASE_592.jpg  5  403 102 60 48  580 130 59 49  632 623 71 70  757 402 65 60  607 329 64 57 
BASE_Positive/BASE_593.jpg  5  566 51 57 46  701 143 59 50  456 593 72 69  695 459 67 63  607 329 64 57 
BASE_Positive/BASE_594.jpg  5  737 68 57 47  803 204 60 52  331 489 70 64  605 481 68 64  607 329 64 57 
BASE_Positive/BASE_595.jpg  5  882 150 59 50  859 301 62 56  292 351 67 58  516 459 68 63  607 329 64 57 
BASE_Positive/BASE_596.jpg  5  969 287 62 56  851 415 65 61  337 220 63 53  455 403 67 60  607 329 64 57 
BASE_Positive/BASE_597.jpg  5  966 454 66 63  771 513 68 65  445 128 60 49  437 329 65 57  607 329 64 57 
BASE_Positive/BASE_598.jpg  5  855 604 70 70  640 563 70 68  587 89 58 48  465 259 63 54  607 329 64 57 
BASE_Positive/BASE_599.jpg  4  497 546 70 67  732 110 58 48  528 211 62 52  607 329 64 57 
BASE_Positive/BASE_600.jpg  5  439 640 76 71  387 459 70 60  850 200 59 47  609 207 60 47  607 330 64 54 
BASE_Positive/BASE_601.jpg  5  280 525 74 64  349 356 67 55  916 310 62 53  689 222 60 48  607 330 64 54 
BASE_Positive/BASE_602.jpg  5  230 370 69 56  380 256 63 50  904 440 66 59  750 266 61 50  607 330 64 54 
BASE_Positive/BASE_603.jpg  5  283 226 63 48  466 183 60 46  802 553 70 66  777 330 63 54  607 330 64 54 
BASE_Positive/BASE_604.jpg  5  407 125 59 43  580 150 58 45  632 607 73 69  758 398 65 57  607 330 64 54 
BASE_Positive/BASE_605.jpg  5  568 80 56 41  700 161 58 45  452 578 74 67  695 452 67 60  607 330 64 54 
BASE_Positive/BASE_606.jpg  5  735 94 56 42  801 216 59 48  327 480 72 62  605 472 69 61  607 330 64 54 
BASE_Positive/BASE_607.jpg  5  879 168 57 46  859 305 62 52  291 350 67 55  515 452 69 60  607 330 64 54 
BASE_Positive/BASE_608.jpg  5  969 292 61 52  852 410 65 58  339 231 63 49  454 399 68 57  607 330 64 54 
BASE_Positive/BASE_609.jpg  5  969 446 66 60  773 503 69 63  448 148 59 45  437 330 65 54  607 330 64 54 
BASE_Positive/BASE_610.jpg  5  860 589 71 68  640 550 71 66  588 113 57 43  466 267 63 50  607 330 64 54 
BASE_Positive/BASE_611.jpg  4  494 533 72 65  731 131 57 44  529 222 61 48  607 330 64 54 
BASE_Positive/BASE_612.jpg  5  434 618 78 68  385 449 71 56  848 216 58 42  609 222 59 43  607 332 64 49 
BASE_Positive/BASE_613.jpg  5  275 510 75 60  348 355 67 51  916 314 61 48  688 235 59 43  607 332 64 49 
BASE_Positive/BASE_614.jpg  5  229 368 69 51  382 265 63 45  907 432 66 55  750 275 61 46  607 332 64 49 
BASE_Positive/BASE_615.jpg  5  286 239 63 44  467 201 60 41  805 537 71 62  777 332 63 49  607 332 64 49 
BASE_Positive/BASE_616.jpg  5  410 150 58 39  581 172 57 40  632 587 74 66  759 394 66 53  607 332 64 49 
BASE_Positive/BASE_617.jpg  5  569 110 55 37  700 182 57 40  448 560 75 64  696 443 68 56  607 332 64 49 
BASE_Positive/BASE_618.jpg  5  733 123 55 37  800 230 59 43  323 468 73 58  605 461 69 57  607 332 64 49 
BASE_Positive/BASE_619.jpg  5  876 187 56 41  858 309 62 48  290 350 68 50  514 443 69 56  607 332 64 49 
BASE_Positive/BASE_620.jpg  5  968 298 60 47  853 405 65 54  342 243 63 44  453 394 68 53  607 332 64 49 
BASE_Positive/BASE_621.jpg  5  972 438 66 56  775 490 69 59  451 170 59 40  437 332 66 49  607 332 64 49 
BASE_Positive/BASE_622.jpg  5  865 570 72 65  640 534 72 62  589 140 56 38  467 275 63 46  607 332 64 49 
BASE_Positive/BASE_623.jpg  5  661 642 76 70  492 518 73 61  729 155 56 39  530 236 61 43  607 332 64 49 
BASE_Positive/BASE_624.jpg  5  429 591 80 63  382 438 72 51  846 233 57 37  610 238 59 38  607 334 64 44 
BASE_Positive/BASE_625.jpg  5  270 493 76 56  347 355 68 45  916 318 61 43  688 250 59 38  607 334 64 44 
BASE_Positive/BASE_626.jpg  5  228 366 70 46  383 276 63 40  909 423 66 50  749 284 60 41  607 334 64 44 
BASE_Positive/BASE_627.jpg  5  288 253 63 39  469 220 59 36  808 517 72 57  777 334 63 44  607 334 64 44 
BASE_Positive/BASE_628.jpg  5  413 176 57 34  582 195 57 35  632 563 76 61  759 389 66 48  607 334 64 44 
BASE_Positive/BASE_629.jpg  5  570 142 54 32  699 203 56 35  445 538 77 59  696 432 68 51  607 334 64 44 
BASE_Positive/BASE_630.jpg  5  732 153 54 32  799 245 58 38  320 455 74 53  604 449 70 52  607 335 64 44 
BASE_Positive/BASE_631.jpg  5  874 208 56 36  858 314 61 43  290 350 68 45  513 432 70 51  607 335 64 44 
BASE_Positive/BASE_632.jpg  5  967 304 60 42  855 399 65 48  344 257 62 39  452 389 68 48  607 335 64 44 
BASE_Positive/BASE_633.jpg  5  975 428 66 51  777 475 70 54  453 193 58 35  437 335 66 44  607 335 64 44 
BASE_Positive/BASE_634.jpg  5  869 547 73 60  640 514 73 57  589 167 55 33  467 284 63 41  607 335 64 44 
BASE_Positive/BASE_635.jpg  5  661 614 78 65  490 500 74 56  728 181 55 34  530 250 60 38  607 335 64 44 
BASE_Positive/BASE_636.jpg  5  425 560 81 57  380 426 73 45  844 251 56 32  610 255 58 32  607 337 64 38 
BASE_Positive/BASE_637.jpg  5  265 474 77 49  347 354 68 40  916 323 61 37  688 266 58 33  607 337 64 38 
BASE_Positive/BASE_638.jpg  5  227 364 70 40  384 287 63 34  911 413 66 44  749 294 60 35  607 337 64 38 
BASE_Positive/BASE_639.jpg  5  290 268 62 33  471 240 59 31  810 494 73 51  777 337 62 38  607 337 64 38 
BASE_Positive/BASE_640.jpg  5  416 204 57 29  583 219 56 30  632 535 77 55  760 384 66 42  607 337 64 38 
BASE_Positive/BASE_641.jpg  5  571 176 53 27  698 227 56 30  442 513 78 53  697 421 69 45  607 337 64 38 
BASE_Positive/BASE_642.jpg  5  731 185 53 27  798 261 57 33  317 441 74 47  604 435 71 46  607 337 64 38 
BASE_Positive/BASE_643.jpg  5  872 231 55 30  858 320 61 37  289 351 68 39  512 421 71 45  607 337 64 38 
BASE_Positive/BASE_644.jpg  5  966 311 59 36  856 392 65 43  345 271 62 33  451 384 69 42  607 337 64 38 
BASE_Positive/BASE_645.jpg  5  978 417 66 45  779 457 70 48  455 218 57 30  437 337 66 38  607 337 64 38 
BASE_Positive/BASE_646.jpg  5  873 521 74 54  640 492 74 51  590 196 55 28  468 295 62 35  607 337 64 38 
BASE_Positive/BASE_647.jpg  5  662 579 80 59  488 480 75 50  727 208 54 29  531 266 60 33  607 337 64 38 
BASE_Positive/BASE_648.jpg  5  421 524 83 49  379 413 73 38  843 270 56 26  610 274 58 27  607 340 64 32 
BASE_Positive/BASE_649.jpg  5  262 452 78 42  347 354 68 33  915 329 60 31  688 282 58 27  607 340 64 32 
BASE_Positive/BASE_650.jpg  5  226 362 70 34  385 300 63 29  912 402 66 37  748 305 60 29  607 340 64 32 
BASE_Positive/BASE_651.jpg  5  292 284 62 27  472 262 58 26  812 469 73 44  777 340 62 32  607 340 64 32 
BASE_Positive/BASE_652.jpg  5  418 233 56 24  583 245 56 24  632 503 78 47  760 378 66 35  607 340 64 32 
BASE_Positive/BASE_653.jpg  5  572 210 53 22  698 251 55 25  439 485 79 45  697 408 69 38  607 340 64 32 
BASE_Positive/BASE_654.jpg  5  730 218 52 23  797 279 57 27  315 425 75 39  604 420 71 39  607 340 64 32 
BASE_Positive/BASE_655.jpg  5  870 254 54 25  857 326 60 31  289 351 69 33  511 409 71 38  607 340 64 32 
BASE_Positive/BASE_656.jpg  5  966 319 59 30  857 384 65 36  347 287 62 28  451 378 69 35  607 340 64 32 
BASE_Positive/BASE_657.jpg  5  980 406 66 38  780 438 71 41  456 244 57 24  437 340 66 32  607 340 64 32 
BASE_Positive/BASE_658.jpg  5  876 491 74 46  640 467 75 43  590 227 54 23  469 305 62 29  607 340 64 32 
BASE_Positive/BASE_659.jpg  5  662 540 81 51  486 457 76 42  726 236 54 24  532 282 60 27  607 340 64 32 
BASE_Positive/BASE_660.jpg  5  418 484 84 40  377 398 74 30  842 291 55 21  610 293 58 21  607 343 64 25 
BASE_Positive/BASE_661.jpg  5  259 429 79 34  346 353 68 26  915 334 60 24  687 299 58 21  607 343 64 25 
BASE_Positive/BASE_662.jpg  5  225 360 70 27  386 312 63 23  914 390 66 30  748 317 59 23  607 343 64 25 
BASE_Positive/BASE_663.jpg  5  293 301 62 22  473 284 58 20  814 442 74 35  777 343 62 25  607 343 64 25 
BASE_Positive/BASE_664.jpg  5  420 262 56 18  583 271 55 19  631 468 79 38  761 372 66 28  607 343 64 25 
BASE_Positive/BASE_665.jpg  5  573 246 52 17  698 276 55 19  437 454 80 36  697 395 69 30  607 343 64 25 
BASE_Positive/BASE_666.jpg  5  729 251 52 18  796 297 56 21  313 408 76 31  603 404 71 31  607 343 64 25 
BASE_Positive/BASE_667.jpg  5  869 278 54 20  857 332 60 24  289 351 69 26  511 395 72 30  607 343 64 25 
BASE_Positive/BASE_668.jpg  5  965 327 58 24  857 377 65 28  348 303 62 22  450 372 69 28  607 343 64 25 
BASE_Positive/BASE_669.jpg  5  981 393 66 30  781 418 71 33  458 271 56 19  437 343 66 25  607 343 64 25 
BASE_Positive/BASE_670.jpg  5  879 459 75 37  640 440 76 35  591 258 54 18  469 317 62 23  607 343 64 25 
BASE_Positive/BASE_671.jpg  5  662 497 82 41  485 432 77 34  726 265 53 19  532 299 59 21  607 343 64 25 
BASE_Positive/BASE_672.jpg  5  490 587 56 54  446 443 53 49  808 221 47 41  615 227 48 41  614 335 50 45 
BASE_Positive/BASE_673.jpg  5  367 496 55 50  412 357 52 46  858 318 49 44  679 241 48 42  614 335 50 45 
BASE_Positive/BASE_674.jpg  5  321 369 53 46  434 271 50 43  843 428 51 48  727 280 49 43  614 335 50 45 
BASE_Positive/BASE_675.jpg  5  355 245 50 42  499 206 48 41  762 519 53 51  747 335 50 45  614 335 50 45 
BASE_Positive/BASE_676.jpg  5  450 153 47 39  592 176 47 40  634 562 55 53  731 393 51 47  614 335 50 45 
BASE_Positive/BASE_677.jpg  5  581 111 46 38  689 187 47 40  499 539 55 52  682 437 52 48  614 335 50 45 
BASE_Positive/BASE_678.jpg  5  718 125 46 38  769 236 48 42  401 460 54 49  613 454 52 49  614 335 50 45 
BASE_Positive/BASE_679.jpg  5  833 192 47 40  812 314 49 44  367 353 52 45  544 437 53 48  614 335 50 45 
BASE_Positive/BASE_680.jpg  5  899 302 49 44  804 403 51 47  400 249 50 42  496 393 52 47  614 335 50 45 
BASE_Positive/BASE_681.jpg  5  893 433 51 48  742 479 53 50  484 174 48 40  481 335 51 45  614 335 50 45 
BASE_Positive/BASE_682.jpg  5  805 547 54 52  640 517 54 51  597 143 46 39  502 280 50 43  614 335 50 45 
BASE_Positive/BASE_683.jpg  5  655 607 55 54  530 503 54 51  714 159 46 39  551 241 49 42  614 335 50 45 
BASE_Positive/BASE_684.jpg  5  487 573 57 52  444 437 54 46  807 232 47 38  615 237 48 38  614 337 50 42 
BASE_Positive/BASE_685.jpg  5  364 487 56 48  412 357 52 43  857 321 49 41  679 250 48 39  614 336 50 42 
BASE_Positive/BASE_686.jpg  5  320 368 53 43  435 277 50 40  845 422 51 45  727 286 48 40  614 336 50 42 
BASE_Positive/BASE_687.jpg  5  356 254 50 39  501 218 48 37  764 508 54 49  747 336 50 42  614 336 50 42 
BASE_Positive/BASE_688.jpg  5  453 171 47 36  592 191 47 36  634 549 55 51  732 390 51 44  614 336 50 42 
BASE_Positive/BASE_689.jpg  5  582 133 45 34  688 201 46 37  496 527 56 50  683 431 52 46  614 337 50 42 
BASE_Positive/BASE_690.jpg  5  716 145 45 35  768 245 47 38  398 453 55 47  613 447 53 47  614 337 50 42 
BASE_Positive/BASE_691.jpg  5  831 206 46 37  812 316 49 41  367 352 52 43  543 431 53 46  614 337 50 42 
BASE_Positive/BASE_692.jpg  5  899 306 48 41  805 399 51 45  401 257 50 39  495 390 52 44  614 337 50 42 
BASE_Positive/BASE_693.jpg  5  895 427 51 46  743 470 53 48  486 190 47 36  481 337 51 42  614 337 50 42 
BASE_Positive/BASE_694.jpg  5  808 535 54 50  640 506 54 49  598 161 46 35  502 286 50 40  614 337 50 42 
BASE_Positive/BASE_695.jpg  5  655 592 56 53  528 493 55 49  713 176 46 36  551 250 48 39  614 337 50 42 
BASE_Positive/BASE_696.jpg  5  484 556 58 49  443 429 54 43  806 245 46 34  615 249 47 34  614 338 50 38 
BASE_Positive/BASE_697.jpg  5  360 475 57 45  411 356 52 39  857 324 49 38  678 260 47 35  614 338 50 38 
BASE_Positive/BASE_698.jpg  5  319 366 53 40  435 285 50 36  846 416 51 42  727 292 48 36  614 338 50 38 
BASE_Positive/BASE_699.jpg  5  358 263 50 35  502 232 47 34  766 495 54 46  747 338 49 38  614 338 50 38 
BASE_Positive/BASE_700.jpg  5  455 190 46 32  593 208 46 33  634 533 56 48  732 386 51 41  614 338 50 38 
BASE_Positive/BASE_701.jpg  5  582 157 44 30  688 216 46 33  494 513 57 47  683 424 53 43  614 338 50 38 
BASE_Positive/BASE_702.jpg  5  715 168 44 31  767 256 47 35  396 444 55 44  613 438 53 43  614 338 50 38 
BASE_Positive/BASE_703.jpg  5  829 221 45 33  812 320 49 38  366 352 52 39  543 424 53 43  614 338 50 38 
BASE_Positive/BASE_704.jpg  5  898 311 48 37  806 395 51 41  403 267 49 35  494 387 53 41  614 338 50 38 
BASE_Positive/BASE_705.jpg  5  897 420 51 42  744 460 53 44  488 207 47 33  481 338 51 38  614 338 50 38 
BASE_Positive/BASE_706.jpg  5  811 520 55 48  640 493 55 46  598 182 45 31  503 292 49 36  614 338 50 38 
BASE_Positive/BASE_707.jpg  5  655 573 58 50  527 481 55 46  712 195 45 32  552 261 48 35  614 338 50 38 
BASE_Positive/BASE_708.jpg  5  482 534 59 46  441 421 55 39  804 258 46 30  616 262 47 30  614 340 50 34 
BASE_Positive/BASE_709.jpg  5  357 462 57 41  411 356 52 35  857 327 48 34  678 272 47 31  614 340 50 34 
BASE_Positive/BASE_710.jpg  5  318 365 54 36  436 293 50 32  848 409 52 38  726 300 48 32  614 340 50 34 
BASE_Positive/BASE_711.jpg  5  360 275 49 31  503 247 47 30  767 480 55 42  747 340 49 34  614 340 50 34 
BASE_Positive/BASE_712.jpg  5  457 211 46 28  593 226 46 29  634 514 57 44  733 383 51 37  614 340 50 34 
BASE_Positive/BASE_713.jpg  5  583 183 44 26  687 234 45 29  492 496 58 43  683 416 53 39  614 340 50 34 
BASE_Positive/BASE_714.jpg  5  714 192 43 27  766 268 46 31  394 433 56 40  612 429 54 39  614 340 50 34 
BASE_Positive/BASE_715.jpg  5  828 238 45 29  812 324 48 34  366 352 53 35  542 416 54 39  614 340 50 34 
BASE_Positive/BASE_716.jpg  5  898 316 48 33  806 390 51 37  404 277 49 31  494 383 53 37  614 340 50 34 
BASE_Positive/BASE_717.jpg  5  899 413 51 38  745 448 54 40  489 225 46 29  481 340 51 34  614 340 50 34 
BASE_Positive/BASE_718.jpg  5  813 502 56 44  640 478 56 42  599 204 45 28  503 300 49 32  614 340 50 34 
BASE_Positive/BASE_719.jpg  5  656 551 58 47  526 467 56 42  711 215 44 28  553 272 48 31  614 340 50 34 
BASE_Positive/BASE_720.jpg  5  479 510 60 41  440 411 55 34  803 272 45 26  616 276 47 26  614 342 50 30 
BASE_Positive/BASE_721.jpg  5  355 447 58 36  411 355 53 31  857 331 48 29  678 284 47 27  614 342 50 30 
BASE_Positive/BASE_722.jpg  5  318 363 54 31  437 302 49 28  849 401 52 34  726 308 48 28  614 342 50 30 
BASE_Positive/BASE_723.jpg  5  361 286 49 27  504 263 47 25  769 462 55 38  747 342 49 30  614 342 50 30 
BASE_Positive/BASE_724.jpg  5  459 233 46 24  594 246 45 24  634 492 58 40  733 378 51 32  614 342 50 30 
BASE_Positive/BASE_725.jpg  5  584 209 43 23  687 252 45 25  491 476 58 38  684 407 53 34  614 342 50 30 
BASE_Positive/BASE_726.jpg  5  714 217 43 23  766 281 46 26  392 422 56 35  612 418 54 35  614 342 50 30 
BASE_Positive/BASE_727.jpg  5  826 256 44 25  811 328 48 29  366 352 53 31  541 407 54 34  614 342 50 30 
BASE_Positive/BASE_728.jpg  5  897 321 47 29  807 385 51 33  405 289 49 27  493 379 53 32  614 342 50 30 
BASE_Positive/BASE_729.jpg  5  900 404 51 34  746 435 54 36  491 245 46 24  481 342 51 30  614 342 50 30 
BASE_Positive/BASE_730.jpg  5  815 482 56 39  640 461 56 37  599 227 44 23  504 308 49 28  614 342 50 30 
BASE_Positive/BASE_731.jpg  5  656 524 59 42  524 451 57 37  710 236 44 24  553 284 48 27  614 342 50 30 
BASE_Positive/BASE_732.jpg  5  477 482 61 35  439 401 56 29  803 288 45 21  616 291 46 22  614 344 50 25 
BASE_Positive/BASE_733.jpg  5  353 430 59 31  411 355 53 26  857 335 48 24  678 297 46 22  614 344 50 25 
BASE_Positive/BASE_734.jpg  5  317 361 54 26  437 312 49 23  850 392 52 28  726 316 47 23  614 344 50 25 
BASE_Positive/BASE_735.jpg  5  362 299 49 22  505 281 47 21  770 443 56 32  747 344 49 25  614 344 50 25 
BASE_Positive/BASE_736.jpg  5  460 256 45 20  594 267 45 20  634 467 58 34  733 374 51 27  614 344 50 25 
BASE_Positive/BASE_737.jpg  5  584 237 43 19  687 271 45 20  489 454 59 33  684 397 53 29  614 344 50 25 
BASE_Positive/BASE_738.jpg  5  713 243 42 19  765 295 46 22  391 410 57 29  612 406 54 29  614 344 50 25 
BASE_Positive/BASE_739.jpg  5  825 274 44 21  811 333 48 24  365 353 53 26  541 397 54 29  614 344 50 25 
BASE_Positive/BASE_740.jpg  5  897 328 47 24  808 379 51 27  406 301 49 22  493 374 53 27  614 344 50 25 
BASE_Positive/BASE_741.jpg  5  901 395 51 28  746 420 54 30  492 266 46 20  481 344 51 25  614 344 50 25 
BASE_Positive/BASE_742.jpg  5  817 459 56 33  640 441 57 32  600 251 44 19  504 316 49 23  614 344 50 25 
BASE_Positive/BASE_743.jpg  5  656 494 60 36  524 434 57 31  710 259 44 20  553 297 47 22  614 344 50 25 
BASE_Positive/BASE_744.jpg  5  476 453 62 28  438 389 56 23  802 304 45 17  616 306 46 17  614 347 50 20 
BASE_Positive/BASE_745.jpg  5  351 412 59 25  411 355 53 20  857 340 48 19  678 311 46 17  614 346 50 20 
BASE_Positive/BASE_746.jpg  5  317 360 54 21  438 322 49 18  850 383 52 22  726 326 47 18  614 346 50 20 
BASE_Positive/BASE_747.jpg  5  363 313 49 17  505 298 46 16  771 422 56 25  747 346 49 20  614 346 50 20 
BASE_Positive/BASE_748.jpg  5  461 280 45 15  594 288 45 16  634 441 59 27  733 369 51 21  614 346 50 20 
BASE_Positive/BASE_749.jpg  5  585 266 43 14  686 292 44 16  488 431 59 26  684 387 53 23  614 347 50 20 
BASE_Positive/BASE_750.jpg  5  712 271 42 15  765 309 45 17  390 396 57 23  612 394 55 23  614 347 50 20 
BASE_Positive/BASE_751.jpg  5  824 294 44 16  811 338 48 19  365 353 53 20  540 387 55 23  614 347 50 20 
BASE_Positive/BASE_752.jpg  5  897 334 47 19  808 373 51 22  407 314 49 17  493 369 53 21  614 347 50 20 
BASE_Positive/BASE_753.jpg  5  902 385 51 23  747 404 54 24  492 287 45 16  481 347 51 20  614 347 50 20 
BASE_Positive/BASE_754.jpg  5  818 435 57 26  640 421 57 25  600 276 43 15  504 326 49 18  614 347 50 20 
BASE_Positive/BASE_755.jpg  5  656 462 61 29  523 415 58 25  709 282 43 15  554 311 47 17  614 347 50 20 
