PHOTO_Positive\ASimpleTask0.jpg 6 271 226 83 54 549 86 68 52 971 209 75 61 642 316 85 58 618 557 94 68 1008 496 98 68
PHOTO_Positive\ASimpleTask1.jpg 6 267 243 78 62 769 148 73 50 1082 294 85 62 919 510 93 75 657 355 84 61 194 499 99 70
PHOTO_Positive\ASimpleTask2.jpg 6 628 126 73 48 1000 120 70 48 1108 309 83 66 321 421 93 73 605 629 105 87 782 313 83 66
PHOTO_Positive\ASimpleTask3.jpg 6 653 105 74 49 935 180 75 51 772 338 75 61 404 303 79 57 605 686 102 92 1045 617 98 87
PHOTO_Positive\ASimpleTask4.jpg 6 508 193 74 55 823 152 73 51 472 471 93 74 833 346 83 60 1277 441 94 76 1031 684 104 96
PHOTO_Positive\ASimpleTask5.jpg 6 641 238 74 53 427 438 89 62 873 371 84 64 771 660 97 87 1225 242 82 61 1337 496 91 80
PHOTO_Positive\ASimpleTask6.jpg 6 1036 120 82 47 1329 257 83 57 934 357 84 60 605 356 84 64 663 627 97 86 1161 615 98 83
PHOTO_Positive\ASimpleTask7.jpg 6 674 68 72 48 985 67 74 51 821 290 76 59 572 440 88 76 1182 372 86 70 885 613 98 86
PHOTO_Positive\Aftermath0.jpg 6 393 234 87 51 216 480 110 80 469 369 94 63 750 357 92 64 1104 352 95 62 976 532 108 74
PHOTO_Positive\Aftermath1.jpg 6 413 439 97 67 1080 286 88 52 683 517 100 72 872 401 88 61 1201 446 92 63 635 718 120 94
PHOTO_Positive\Aftermath2.jpg 6 734 226 77 46 978 291 80 48 751 389 87 60 476 654 105 83 784 553 98 76 1007 700 111 87
PHOTO_Positive\Aftermath3.jpg 6 531 214 83 55 808 191 82 50 745 355 92 60 958 469 98 76 1247 491 103 78 832 679 114 97
PHOTO_Positive\Aftermath4.jpg 6 306 475 104 74 523 306 90 57 699 470 100 74 990 451 101 77 1172 340 92 72 1164 657 116 98
PHOTO_Positive\Aftermath5.jpg 6 485 476 96 66 1052 283 80 55 1312 522 109 83 1025 424 91 69 817 544 102 77 468 723 117 87
PHOTO_Positive\Aftermath6.jpg 6 734 122 74 48 1105 160 75 52 884 214 80 51 912 354 94 63 947 599 105 83 642 478 96 73
PHOTO_Positive\Aftermath7.jpg 6 396 198 79 53 620 218 81 58 743 109 74 50 785 324 87 64 1032 496 93 77 690 533 101 77
PHOTO_Positive\IMG20220405150635.jpg 1 287 572 216 136
PHOTO_Positive\IMG20220405150641.jpg 1 305 465 215 131
PHOTO_Positive\IMG20220405150646.jpg 1 241 510 212 135
PHOTO_Positive\IMG20220405150655.jpg 1 249 518 221 141
PHOTO_Positive\IMG20220405150700.jpg 1 233 493 232 160
PHOTO_Positive\IMG20220405150705.jpg 1 304 522 210 148
PHOTO_Positive\IMG20220405150713.jpg 1 307 512 199 129
PHOTO_Positive\IMG20220405204546.jpg 1 274 493 146 104
PHOTO_Positive\IMG20220405204551.jpg 1 297 471 125 87
PHOTO_Positive\IMG20220405204555.jpg 1 314 457 128 85
PHOTO_Positive\IMG20220405204559.jpg 1 319 442 132 78
PHOTO_Positive\IMG20220405204602.jpg 1 325 453 125 80
PHOTO_Positive\IMG20220405204606.jpg 1 316 458 131 88
PHOTO_Positive\IMG20220405204611.jpg 1 311 466 127 88
PHOTO_Positive\IMG20220405204614.jpg 1 301 478 127 86
PHOTO_Positive\IMG20220405204618.jpg 1 302 485 126 83
PHOTO_Positive\IMG20220405204621.jpg 1 279 492 124 80
PHOTO_Positive\VipersNest0.jpg 5 536 212 75 55 313 401 92 62 765 341 83 59 1114 335 90 61 702 585 104 79
PHOTO_Positive\VipersNest1.jpg 5 421 383 88 56 772 352 85 58 972 209 76 47 1039 521 96 68 530 624 104 76
PHOTO_Positive\VipersNest2.jpg 5 387 566 95 73 683 395 85 57 706 212 72 44 1043 419 90 61 759 707 107 84
PHOTO_Positive\VipersNest3.jpg 5 524 257 75 52 1006 300 85 58 700 418 86 63 619 689 101 87 1069 616 103 88
PHOTO_Positive\VipersNest4.jpg 5 460 459 95 70 895 234 82 58 849 458 96 71 1307 390 94 68 1177 670 110 86
PHOTO_Positive\VipersNest5.jpg 5 573 325 79 59 984 258 79 56 1164 466 93 73 796 499 88 64 504 713 105 89
PHOTO_Positive\VipersNest6.jpg 5 573 327 89 68 860 134 72 51 1171 227 82 54 932 373 90 61 925 643 106 88
PHOTO_Positive\VipersNest7.jpg 5 532 155 80 54 887 117 75 55 849 328 89 61 481 454 105 77 1113 534 106 93